COHORT: GNE_AMP_NIH_UKB_CASE_CONTROL_META; VARIANT GROUP: ALL_MISSENSE_SNPEFF; MAF: 0.001; NUMVAR >= 3
GENE	TEST_STAT_SUMMEDZ	META_PVAL	UKB_CASES_BETA	UKB_CASES_SE	UKB_CASES_PVAL	AMP_NIH_BETA	AMP_NIH_SE	AMP_NIH_PVAL	GNE_BETA	GNE_SE	GNE_PVAL	UKB_CASE_NUMVAR	AMP_NIH_NUMVAR	GNE_NUMVAR	TEST	VARIANT_GROUP	MAF	MIN_NUMVAR	META_ANALYSIS_GROUP
GBA	8.421366188253963	3.7211917741672596e-17	1.05079	0.287591	0.000258426	0.87011	0.352526	0.013579	1.08402952257042	0.471443072375037	0.0214830395852572	30.0	15.0	16.0	CMCWald	ALL_MISSENSE_SNPEFF	0.001	3	meta_GNE_AMP_NIH_noRelateds_UKB_EXOM_PD_CASE_CONTROL_2021
DSEL	7.848568689384109	4.208121239634926e-15	0.714092	0.223904	0.00142626	0.669373	0.267761	0.0124232	0.411615758897442	0.190615684119216	0.030819045993025	61.0	22.0	77.0	CMCWald	ALL_MISSENSE_SNPEFF	0.001	3	meta_GNE_AMP_NIH_noRelateds_UKB_EXOM_PD_CASE_CONTROL_2021
DLEU7	7.061105284633252	1.6518337424763325e-12	1.16724	0.427891	0.00637429	1.01878	0.394413	0.00979373	0.704243864496001	0.402382331691961	0.080086249114731	12.0	6.0	13.0	CMCWald	ALL_MISSENSE_SNPEFF	0.001	3	meta_GNE_AMP_NIH_noRelateds_UKB_EXOM_PD_CASE_CONTROL_2021
PSG7	6.463733836175997	1.0215048370390404e-10	0.642024	0.238358	0.00706998	0.656094	0.240531	0.00637805	0.174447643123349	0.167333360225358	0.297172683720856	48.0	22.0	85.0	CMCWald	ALL_MISSENSE_SNPEFF	0.001	3	meta_GNE_AMP_NIH_noRelateds_UKB_EXOM_PD_CASE_CONTROL_2021
NOCT	6.329082378211146	2.4662342523625517e-10	0.650221	0.375183	0.0830815	0.511152	0.292447	0.0804903	1.01933026498216	0.357890733011607	0.0043972735851805	15.0	8.0	25.0	CMCWald	ALL_MISSENSE_SNPEFF	0.001	3	meta_GNE_AMP_NIH_noRelateds_UKB_EXOM_PD_CASE_CONTROL_2021
ELN	6.2990039377369405	2.995643830567615e-10	0.573403	0.241758	0.0177015	0.353409	0.206784	0.0874368	0.41552404157689	0.187331209623415	0.0265463098548336	49.0	29.0	73.0	CMCWald	ALL_MISSENSE_SNPEFF	0.001	3	meta_GNE_AMP_NIH_noRelateds_UKB_EXOM_PD_CASE_CONTROL_2021
TAAR6	6.232151984266526	4.6007078659532785e-10	0.640616	0.355119	0.0712393	0.708631	0.301031	0.0185719	0.553783734809898	0.2669877948231	0.0380615570903069	25.0	13.0	39.0	CMCWald	ALL_MISSENSE_SNPEFF	0.001	3	meta_GNE_AMP_NIH_noRelateds_UKB_EXOM_PD_CASE_CONTROL_2021
KIF9	6.2184134792417165	5.022067372092728e-10	1.12026	0.225877	7.06372e-07	0.16534	0.236676	0.484807	0.103496311210861	0.184742460733185	0.575329793399795	48.0	25.0	82.0	CMCWald	ALL_MISSENSE_SNPEFF	0.001	3	meta_GNE_AMP_NIH_noRelateds_UKB_EXOM_PD_CASE_CONTROL_2021
EP400	6.179334580208396	6.437234306930234e-10	0.402131	0.151657	0.00801166	0.294191	0.157767	0.062221	0.179807774171594	0.108120312654507	0.0963055962457143	175.0	62.0	295.0	CMCWald	ALL_MISSENSE_SNPEFF	0.001	3	meta_GNE_AMP_NIH_noRelateds_UKB_EXOM_PD_CASE_CONTROL_2021
MAP3K6	-5.983375960067203	2.1855949260448425e-09	-0.647674	0.334835	0.0530755	-0.444609	0.22748	0.0506422	-0.399353921030006	0.19066144643948	0.0362091526394876	73.0	36.0	111.0	CMCWald	ALL_MISSENSE_SNPEFF	0.001	3	meta_GNE_AMP_NIH_noRelateds_UKB_EXOM_PD_CASE_CONTROL_2021
BOLA1	5.912265819547341	3.3743339549981742e-09	0.81634	0.599464	0.173267	0.826028	0.617221	0.180798	1.09138563558828	0.339764698226677	0.0013173145056984	8.0	3.0	15.0	CMCWald	ALL_MISSENSE_SNPEFF	0.001	3	meta_GNE_AMP_NIH_noRelateds_UKB_EXOM_PD_CASE_CONTROL_2021
KCNK4	5.875713513615917	4.210259104582867e-09	0.594257	0.328435	0.0703953	0.783966	0.309685	0.0113577	0.318105543441069	0.207253910048425	0.124818449512028	28.0	14.0	45.0	CMCWald	ALL_MISSENSE_SNPEFF	0.001	3	meta_GNE_AMP_NIH_noRelateds_UKB_EXOM_PD_CASE_CONTROL_2021
ERCC8	-5.831021482692114	5.508909097817486e-09	-1.89862	1.01654	0.0617995	-0.759655	0.408722	0.0630826	-0.637386503764496	0.302842015900976	0.0353188936519581	24.0	9.0	34.0	CMCWald	ALL_MISSENSE_SNPEFF	0.001	3	meta_GNE_AMP_NIH_noRelateds_UKB_EXOM_PD_CASE_CONTROL_2021
NPBWR1	5.723172269030567	1.0455315224046967e-08	1.09368	0.352272	0.00190503	0.669144	0.514287	0.193221	0.438738561883952	0.333029685022443	0.187699294744022	22.0	4.0	29.0	CMCWald	ALL_MISSENSE_SNPEFF	0.001	3	meta_GNE_AMP_NIH_noRelateds_UKB_EXOM_PD_CASE_CONTROL_2021
FAM186B	5.709864516045299	1.1306614513658477e-08	0.0933071	0.270303	0.729948	0.453466	0.209124	0.0301275	0.596224209227076	0.18653791903586	0.0013922024979948	48.0	29.0	81.0	CMCWald	ALL_MISSENSE_SNPEFF	0.001	3	meta_GNE_AMP_NIH_noRelateds_UKB_EXOM_PD_CASE_CONTROL_2021
IGSF9	5.702903923144959	1.1778337739333207e-08	0.273371	0.219494	0.212962	0.487977	0.207917	0.0189265	0.342517226914946	0.162294741673255	0.0348183997385051	73.0	28.0	107.0	CMCWald	ALL_MISSENSE_SNPEFF	0.001	3	meta_GNE_AMP_NIH_noRelateds_UKB_EXOM_PD_CASE_CONTROL_2021
ABCC9	5.660133459770806	1.5125532002455786e-08	0.598442	0.279438	0.0322263	0.349251	0.308306	0.257296	0.556255316174922	0.233158812734672	0.0170449934197614	43.0	12.0	58.0	CMCWald	ALL_MISSENSE_SNPEFF	0.001	3	meta_GNE_AMP_NIH_noRelateds_UKB_EXOM_PD_CASE_CONTROL_2021
DCAF1	-5.648382454109603	1.619645371719777e-08	-1.09352	0.734116	0.136336	-0.237847	0.475298	0.616782	-1.43621248613671	0.392580258993009	0.0002538026319691	25.0	10.0	66.0	CMCWald	ALL_MISSENSE_SNPEFF	0.001	3	meta_GNE_AMP_NIH_noRelateds_UKB_EXOM_PD_CASE_CONTROL_2021
MXD1	5.637034856931109	1.7300310484961695e-08	0.936818	0.500806	0.0613978	1.24385	0.548573	0.023364	0.56224670286724	0.37508471835088	0.133877290837067	11.0	8.0	16.0	CMCWald	ALL_MISSENSE_SNPEFF	0.001	3	meta_GNE_AMP_NIH_noRelateds_UKB_EXOM_PD_CASE_CONTROL_2021
DPYSL4	5.635291652465588	1.7476231537503465e-08	0.44199	0.253752	0.0815406	0.732753	0.300019	0.0145918	0.380798798775031	0.262417609407676	0.146747130032951	55.0	18.0	55.0	CMCWald	ALL_MISSENSE_SNPEFF	0.001	3	meta_GNE_AMP_NIH_noRelateds_UKB_EXOM_PD_CASE_CONTROL_2021
CFAP52	-5.511848377180252	3.5508475611517824e-08	-0.337974	0.407825	0.407261	-0.852688	0.351345	0.0152275	-0.6231134543155	0.276178267504769	0.0240580978725804	31.0	13.0	57.0	CMCWald	ALL_MISSENSE_SNPEFF	0.001	3	meta_GNE_AMP_NIH_noRelateds_UKB_EXOM_PD_CASE_CONTROL_2021
USP6NL	5.501647129033628	3.762594359016657e-08	0.626346	0.277659	0.0240822	-0.0196546	0.323173	0.951505	0.693741186822514	0.209801532491436	0.0009441725856261	42.0	19.0	66.0	CMCWald	ALL_MISSENSE_SNPEFF	0.001	3	meta_GNE_AMP_NIH_noRelateds_UKB_EXOM_PD_CASE_CONTROL_2021
TMEM9B	5.4863097737418745	4.104169326003198e-08	2.03195	0.922382	0.027599	NA	NA	NA	1.47042130365888	0.44783875571058	0.0010257315461657	5.0	NA	18.0	CMCWald	ALL_MISSENSE_SNPEFF	0.001	3	meta_GNE_AMP_NIH_noRelateds_UKB_EXOM_PD_CASE_CONTROL_2021
GDF9	5.483402480444909	4.172223140127798e-08	-0.00967557	0.451107	0.982888	1.01594	0.511079	0.0468296	0.840472856102473	0.238973186775327	0.0004364251712774	22.0	7.0	43.0	CMCWald	ALL_MISSENSE_SNPEFF	0.001	3	meta_GNE_AMP_NIH_noRelateds_UKB_EXOM_PD_CASE_CONTROL_2021
 
COHORT: GNE_AMP_NIH_UKB_CASE_CONTROL_META; VARIANT GROUP: ALL_MISSENSE_SNPEFF; MAF: 0.01; NUMVAR >= 3
GENE	TEST_STAT_SUMMEDZ	META_PVAL	UKB_CASES_BETA	UKB_CASES_SE	UKB_CASES_PVAL	AMP_NIH_BETA	AMP_NIH_SE	AMP_NIH_PVAL	GNE_BETA	GNE_SE	GNE_PVAL	UKB_CASE_NUMVAR	AMP_NIH_NUMVAR	GNE_NUMVAR	TEST	VARIANT_GROUP	MAF	MIN_NUMVAR	META_ANALYSIS_GROUP
GBA	13.268682758976862	3.517087536327618e-40	0.612334	0.169851	0.000312011	0.567902	0.129786	1.21058e-05	0.690006718764457	0.130488388603738	1.23743257136136e-07	32.0	17.0	18.0	CMCWald	ALL_MISSENSE_SNPEFF	0.01	3	meta_GNE_AMP_NIH_noRelateds_UKB_EXOM_PD_CASE_CONTROL_2021
LSR	7.2955768932178415	2.97382075926304e-13	0.495307	0.167506	0.00310709	0.373314	0.190697	0.050274	0.288528324303496	0.121179626371041	0.0172658535488151	44.0	25.0	72.0	CMCWald	ALL_MISSENSE_SNPEFF	0.01	3	meta_GNE_AMP_NIH_noRelateds_UKB_EXOM_PD_CASE_CONTROL_2021
EEA1	7.2709767006749075	3.5689750325656074e-13	0.587934	0.125504	2.80507e-06	0.0578216	0.112084	0.605938	0.262995525418615	0.127019342380937	0.0384040900142764	50.0	27.0	84.0	CMCWald	ALL_MISSENSE_SNPEFF	0.01	3	meta_GNE_AMP_NIH_noRelateds_UKB_EXOM_PD_CASE_CONTROL_2021
DLEU7	7.061105284633252	1.6518337424763325e-12	1.16724	0.427891	0.00637429	1.01878	0.394413	0.00979373	0.704243864496001	0.402382331691961	0.080086249114731	12.0	6.0	13.0	CMCWald	ALL_MISSENSE_SNPEFF	0.01	3	meta_GNE_AMP_NIH_noRelateds_UKB_EXOM_PD_CASE_CONTROL_2021
RNF114	7.012964242056751	2.3332109892264884e-12	0.520745	0.262857	0.0475803	0.268103	0.194885	0.168915	0.759777852904681	0.207807061135968	0.0002560120421331	14.0	9.0	23.0	CMCWald	ALL_MISSENSE_SNPEFF	0.01	3	meta_GNE_AMP_NIH_noRelateds_UKB_EXOM_PD_CASE_CONTROL_2021
NUP210	6.499416648756928	8.063206073071892e-11	0.258292	0.114357	0.0239062	0.165424	0.0915671	0.0708268	0.219716494616765	0.0902629415717801	0.0149254576408459	119.0	59.0	199.0	CMCWald	ALL_MISSENSE_SNPEFF	0.01	3	meta_GNE_AMP_NIH_noRelateds_UKB_EXOM_PD_CASE_CONTROL_2021
SNX27	-6.422126818087728	1.3438339124347922e-10	-0.663681	0.320124	0.0381537	-0.709633	0.2337	0.00239329	-0.259751512279004	0.197918816920198	0.189380339023877	26.0	9.0	26.0	CMCWald	ALL_MISSENSE_SNPEFF	0.01	3	meta_GNE_AMP_NIH_noRelateds_UKB_EXOM_PD_CASE_CONTROL_2021
LRRK2	6.209856626765031	5.303296439872764e-10	0.170502	0.138813	0.219341	0.33171	0.109715	0.0024996	0.196976010815823	0.100590737203525	0.0502074479199019	120.0	56.0	179.0	CMCWald	ALL_MISSENSE_SNPEFF	0.01	3	meta_GNE_AMP_NIH_noRelateds_UKB_EXOM_PD_CASE_CONTROL_2021
HSPA1L	-6.165189165672517	7.039893008009933e-10	-0.827614	0.370956	0.0256791	-0.422277	0.188026	0.0247139	-0.477180968079505	0.28263733488458	0.0913506985527003	29.0	15.0	45.0	CMCWald	ALL_MISSENSE_SNPEFF	0.01	3	meta_GNE_AMP_NIH_noRelateds_UKB_EXOM_PD_CASE_CONTROL_2021
DSEL	5.967986984886533	2.4019852369032775e-09	0.362252	0.173074	0.0363449	0.309355	0.166203	0.0627001	0.263784374262134	0.130999301082774	0.044048192483626	64.0	25.0	80.0	CMCWald	ALL_MISSENSE_SNPEFF	0.01	3	meta_GNE_AMP_NIH_noRelateds_UKB_EXOM_PD_CASE_CONTROL_2021
GCNT2	-5.923498405601951	3.1516378676151964e-09	-0.377055	0.17511	0.0312992	-0.263144	0.146714	0.0728801	-0.275616948302463	0.139435189405087	0.0480792745810491	61.0	29.0	117.0	CMCWald	ALL_MISSENSE_SNPEFF	0.01	3	meta_GNE_AMP_NIH_noRelateds_UKB_EXOM_PD_CASE_CONTROL_2021
NIPA2	5.920260578944431	3.2143191781370534e-09	0.886822	0.319285	0.00547746	0.543608	0.35878	0.129733	0.452489187983374	0.278013676979222	0.103614211177783	16.0	5.0	23.0	CMCWald	ALL_MISSENSE_SNPEFF	0.01	3	meta_GNE_AMP_NIH_noRelateds_UKB_EXOM_PD_CASE_CONTROL_2021
UMODL1	-5.872295117842281	4.2980272665970666e-09	-0.160542	0.122394	0.189626	-0.235628	0.0976252	0.0157957	-0.214663105618905	0.0999821152577038	0.0317920839346485	136.0	68.0	180.0	CMCWald	ALL_MISSENSE_SNPEFF	0.01	3	meta_GNE_AMP_NIH_noRelateds_UKB_EXOM_PD_CASE_CONTROL_2021
CENPF	-5.7993161870407794	6.658587987910017e-09	-0.431053	0.143265	0.00262304	-0.13439	0.0905273	0.137671	-0.120126958394219	0.0919800722180176	0.191548919272409	136.0	75.0	251.0	CMCWald	ALL_MISSENSE_SNPEFF	0.01	3	meta_GNE_AMP_NIH_noRelateds_UKB_EXOM_PD_CASE_CONTROL_2021
GPLD1	-5.780612014982726	7.4429361328660045e-09	-0.339664	0.221861	0.125776	-0.271283	0.134853	0.0442526	-0.337239454104573	0.150691829841854	0.0252248900122233	53.0	30.0	90.0	CMCWald	ALL_MISSENSE_SNPEFF	0.01	3	meta_GNE_AMP_NIH_noRelateds_UKB_EXOM_PD_CASE_CONTROL_2021
ABCC9	5.660133459770806	1.5125532002455786e-08	0.598442	0.279438	0.0322263	0.349251	0.308306	0.257296	0.556255316174922	0.233158812734672	0.0170449934197614	43.0	12.0	58.0	CMCWald	ALL_MISSENSE_SNPEFF	0.01	3	meta_GNE_AMP_NIH_noRelateds_UKB_EXOM_PD_CASE_CONTROL_2021
DCAF1	-5.648382454109603	1.619645371719777e-08	-1.09352	0.734116	0.136336	-0.237847	0.475298	0.616782	-1.43621248613671	0.392580258993009	0.0002538026319691	25.0	10.0	66.0	CMCWald	ALL_MISSENSE_SNPEFF	0.01	3	meta_GNE_AMP_NIH_noRelateds_UKB_EXOM_PD_CASE_CONTROL_2021
DLL4	5.594560327273091	2.2118155452136267e-08	0.403597	0.289197	0.162842	0.333736	0.26776	0.212619	0.596378696807019	0.201985449607249	0.003151278857534	34.0	12.0	48.0	CMCWald	ALL_MISSENSE_SNPEFF	0.01	3	meta_GNE_AMP_NIH_noRelateds_UKB_EXOM_PD_CASE_CONTROL_2021
SLC39A7	-5.586536373295308	2.3164304922141336e-08	-0.49998	0.337066	0.137987	-0.269549	0.200372	0.178547	-1.25512290149723	0.455090410697377	0.0058162629487339	27.0	8.0	35.0	CMCWald	ALL_MISSENSE_SNPEFF	0.01	3	meta_GNE_AMP_NIH_noRelateds_UKB_EXOM_PD_CASE_CONTROL_2021
PSG7	5.581560290028487	2.383703947422218e-08	0.642024	0.238358	0.00706998	0.656094	0.240531	0.00637805	0.0216234192195972	0.13485804205378	0.872611611146686	48.0	22.0	89.0	CMCWald	ALL_MISSENSE_SNPEFF	0.01	3	meta_GNE_AMP_NIH_noRelateds_UKB_EXOM_PD_CASE_CONTROL_2021
IFNGR1	5.563721213321638	2.640817226487855e-08	1.0981	0.377907	0.00366368	0.718206	0.336001	0.0325564	0.15250888901883	0.29302240304108	0.602737176220617	19.0	11.0	38.0	CMCWald	ALL_MISSENSE_SNPEFF	0.01	3	meta_GNE_AMP_NIH_noRelateds_UKB_EXOM_PD_CASE_CONTROL_2021
ANKRD55	5.556830615640975	2.7471711337700376e-08	0.119952	0.154983	0.438948	0.538875	0.157315	0.00061376	0.181336485625722	0.133590087325986	0.174651055325589	41.0	17.0	58.0	CMCWald	ALL_MISSENSE_SNPEFF	0.01	3	meta_GNE_AMP_NIH_noRelateds_UKB_EXOM_PD_CASE_CONTROL_2021
INTU	5.519451906618133	3.4005864440945225e-08	0.347283	0.225209	0.123063	0.351032	0.158024	0.0263252	0.291334056735018	0.165905868326115	0.0790849588137064	38.0	24.0	72.0	CMCWald	ALL_MISSENSE_SNPEFF	0.01	3	meta_GNE_AMP_NIH_noRelateds_UKB_EXOM_PD_CASE_CONTROL_2021
SST	-5.513354591911069	3.5205791598075896e-08	-0.526773	0.751982	0.483607	-1.28668	0.476592	0.0069391	-0.916922803798135	0.433925056591205	0.0345930445313883	3.0	4.0	10.0	CMCWald	ALL_MISSENSE_SNPEFF	0.01	3	meta_GNE_AMP_NIH_noRelateds_UKB_EXOM_PD_CASE_CONTROL_2021
 
COHORT: GNE_AMP_NIH_UKB_CASE_CONTROL_META; VARIANT GROUP: ALL_LOF_HC_LOFTEE; MAF: 0.001; NUMVAR >= 3
GENE	TEST_STAT_SUMMEDZ	META_PVAL	UKB_CASES_BETA	UKB_CASES_SE	UKB_CASES_PVAL	AMP_NIH_BETA	AMP_NIH_SE	AMP_NIH_PVAL	GNE_BETA	GNE_SE	GNE_PVAL	UKB_CASE_NUMVAR	AMP_NIH_NUMVAR	GNE_NUMVAR	TEST	VARIANT_GROUP	MAF	MIN_NUMVAR	META_ANALYSIS_GROUP
CAPN10	5.586258223536161	2.3201417709591615e-08	3.37192	1.10577	0.00229306	NA	NA	NA	2.09947867433774	0.827585633303507	0.0111847897236652	4.0	NA	6.0	CMCWald	ALL_LOF_HC_LOFTEE	0.001	3	meta_GNE_AMP_NIH_noRelateds_UKB_EXOM_PD_CASE_CONTROL_2021
ULK4	4.413341634562994	1.0178718184996731e-05	1.71504	0.524055	0.00106552	NA	NA	NA	0.242552046574523	0.212632890028757	0.253991440943902	12.0	NA	17.0	CMCWald	ALL_LOF_HC_LOFTEE	0.001	3	meta_GNE_AMP_NIH_noRelateds_UKB_EXOM_PD_CASE_CONTROL_2021
SCPEP1	4.38923632082353	1.137494063653542e-05	1.28914	0.770649	0.0943676	1.42377	0.661801	0.0314481	0.599394333816046	1.06072139183965	0.572018139634863	5.0	4.0	4.0	CMCWald	ALL_LOF_HC_LOFTEE	0.001	3	meta_GNE_AMP_NIH_noRelateds_UKB_EXOM_PD_CASE_CONTROL_2021
ABCB5	4.368573421912413	1.2506077337804677e-05	1.03498	0.71533	0.147936	0.943463	0.504431	0.0614348	0.43089499656155	0.409843088090779	0.293090627721931	5.0	5.0	13.0	CMCWald	ALL_LOF_HC_LOFTEE	0.001	3	meta_GNE_AMP_NIH_noRelateds_UKB_EXOM_PD_CASE_CONTROL_2021
ANKDD1A	3.928264379716113	8.556112222599085e-05	1.92457	0.821911	0.0192026	NA	NA	NA	1.16744561844316	0.73577663689752	0.112584046760054	4.0	NA	8.0	CMCWald	ALL_LOF_HC_LOFTEE	0.001	3	meta_GNE_AMP_NIH_noRelateds_UKB_EXOM_PD_CASE_CONTROL_2021
PHKB	-3.8437774227568244	0.00012115489709473167	-1.23742	0.731361	0.0906565	-0.335799	0.611183	0.582714	-1.09726997859924	0.684761749402868	0.109064683295811	16.0	4.0	13.0	CMCWald	ALL_LOF_HC_LOFTEE	0.001	3	meta_GNE_AMP_NIH_noRelateds_UKB_EXOM_PD_CASE_CONTROL_2021
ANKRD35	3.8061720081096437	0.00014113424534997944	NA	NA	NA	0.622617	0.525273	0.23589	0.787903283802311	0.300628770593821	0.0087710527736246	NA	3.0	11.0	CMCWald	ALL_LOF_HC_LOFTEE	0.001	3	meta_GNE_AMP_NIH_noRelateds_UKB_EXOM_PD_CASE_CONTROL_2021
ALMS1	3.772462594054055	0.0001616442060362235	0.748115	0.39877	0.0606473	NA	NA	NA	0.699224279610696	0.368710180327495	0.0579063499404486	19.0	NA	22.0	CMCWald	ALL_LOF_HC_LOFTEE	0.001	3	meta_GNE_AMP_NIH_noRelateds_UKB_EXOM_PD_CASE_CONTROL_2021
CCDC158	3.7066475619035173	0.00021002088853699498	1.34957	0.548656	0.0139024	0.106131	0.550899	0.847233	0.571330264312326	0.541944632024898	0.291781027746948	11.0	3.0	9.0	CMCWald	ALL_LOF_HC_LOFTEE	0.001	3	meta_GNE_AMP_NIH_noRelateds_UKB_EXOM_PD_CASE_CONTROL_2021
VPS13A	3.706028239024319	0.00021053483575146235	1.54204	0.524342	0.00327248	NA	NA	NA	0.291768139799279	0.381334820329159	0.4441981521126	14.0	NA	28.0	CMCWald	ALL_LOF_HC_LOFTEE	0.001	3	meta_GNE_AMP_NIH_noRelateds_UKB_EXOM_PD_CASE_CONTROL_2021
PTPRH	3.7017450915433123	0.0002141216828312646	0.648376	0.484455	0.180778	0.300219	0.611702	0.623572	0.514700553038585	0.274860171603389	0.0611249507334769	13.0	3.0	25.0	CMCWald	ALL_LOF_HC_LOFTEE	0.001	3	meta_GNE_AMP_NIH_noRelateds_UKB_EXOM_PD_CASE_CONTROL_2021
BCAS4	3.6510190123348663	0.0002612019011314344	1.10253	0.715606	0.123391	0.956681	0.791909	0.227021	0.680289742612597	0.753987939410745	0.366921174565869	4.0	3.0	3.0	CMCWald	ALL_LOF_HC_LOFTEE	0.001	3	meta_GNE_AMP_NIH_noRelateds_UKB_EXOM_PD_CASE_CONTROL_2021
CTTNBP2	3.6429563604486566	0.0002695245466174681	2.64037	1.22823	0.0315758	NA	NA	NA	1.03960976612496	0.696219830301805	0.135379461498745	3.0	NA	8.0	CMCWald	ALL_LOF_HC_LOFTEE	0.001	3	meta_GNE_AMP_NIH_noRelateds_UKB_EXOM_PD_CASE_CONTROL_2021
BLM	3.6380832518382418	0.0002746746452835628	0.248988	0.564676	0.659257	0.982465	0.603184	0.103356	0.604248358448257	0.385277581930462	0.116800524767547	13.0	5.0	12.0	CMCWald	ALL_LOF_HC_LOFTEE	0.001	3	meta_GNE_AMP_NIH_noRelateds_UKB_EXOM_PD_CASE_CONTROL_2021
LIPE	3.6214049849748133	0.00029300741833538795	1.08247	0.482303	0.0248084	NA	NA	NA	0.299571310935429	0.217549259967976	0.168503749515612	9.0	NA	6.0	CMCWald	ALL_LOF_HC_LOFTEE	0.001	3	meta_GNE_AMP_NIH_noRelateds_UKB_EXOM_PD_CASE_CONTROL_2021
TRAPPC3L	3.605267875570504	0.0003118311087798752	NA	NA	NA	0.48783	0.927199	0.598795	1.93465590208608	0.628311518023376	0.0020760267795094	NA	3.0	4.0	CMCWald	ALL_LOF_HC_LOFTEE	0.001	3	meta_GNE_AMP_NIH_noRelateds_UKB_EXOM_PD_CASE_CONTROL_2021
CD44	3.590169740958714	0.0003304626936573947	3.22015	1.12446	0.00418689	NA	NA	NA	0.610504365916178	0.840406236353939	0.467569325430392	3.0	NA	5.0	CMCWald	ALL_LOF_HC_LOFTEE	0.001	3	meta_GNE_AMP_NIH_noRelateds_UKB_EXOM_PD_CASE_CONTROL_2021
MAMDC4	3.5826316339983686	0.0003401501137892141	0.182689	0.375828	0.626899	1.52679	0.69223	0.0274111	0.245933925227165	0.276043844106818	0.372970255877954	13.0	3.0	33.0	CMCWald	ALL_LOF_HC_LOFTEE	0.001	3	meta_GNE_AMP_NIH_noRelateds_UKB_EXOM_PD_CASE_CONTROL_2021
ZSCAN12	-3.5810267868112593	0.0003422465597074433	-0.601748	1.05334	0.567814	-1.91147	1.09599	0.0811486	-1.85707322345555	1.46723854688407	0.205623097126265	7.0	4.0	6.0	CMCWald	ALL_LOF_HC_LOFTEE	0.001	3	meta_GNE_AMP_NIH_noRelateds_UKB_EXOM_PD_CASE_CONTROL_2021
LONP2	3.5308053343328725	0.0004142965341761526	-1.17113	1.03218	0.256535	0.497798	0.441989	0.260053	1.5140360037784	0.427795843599402	0.0004014093550155	7.0	4.0	11.0	CMCWald	ALL_LOF_HC_LOFTEE	0.001	3	meta_GNE_AMP_NIH_noRelateds_UKB_EXOM_PD_CASE_CONTROL_2021
B3GNT3	3.505879203534955	0.00045510171254698807	NA	NA	NA	NA	NA	NA	3.74312143465989	1.06766982470067	0.0004551017125469	NA	NA	3.0	CMCWald	ALL_LOF_HC_LOFTEE	0.001	3	meta_GNE_AMP_NIH_noRelateds_UKB_EXOM_PD_CASE_CONTROL_2021
TRMT10A	3.4549288466129435	0.000550438066024895	2.53792	0.850137	0.00283288	NA	NA	NA	0.333404522378193	0.709942642882432	0.638625266407242	3.0	NA	10.0	CMCWald	ALL_LOF_HC_LOFTEE	0.001	3	meta_GNE_AMP_NIH_noRelateds_UKB_EXOM_PD_CASE_CONTROL_2021
PCDHGB1	-3.451206693945684	0.0005580859873908663	-0.243759	0.281187	0.386001	-0.555001	0.365533	0.12893	-0.943805463481658	0.885387306843283	0.286432528679288	69.0	9.0	7.0	CMCWald	ALL_LOF_HC_LOFTEE	0.001	3	meta_GNE_AMP_NIH_noRelateds_UKB_EXOM_PD_CASE_CONTROL_2021
RECQL4	-3.434588097794472	0.0005934551347539804	-0.275407	0.623057	0.65847	-0.960585	0.829057	0.2466	-0.958903366453814	0.522872303138372	0.0666666107120231	12.0	3.0	20.0	CMCWald	ALL_LOF_HC_LOFTEE	0.001	3	meta_GNE_AMP_NIH_noRelateds_UKB_EXOM_PD_CASE_CONTROL_2021
 
COHORT: GNE_AMP_NIH_UKB_CASE_CONTROL_META; VARIANT GROUP: ALL_LOF_HC_LOFTEE; MAF: 0.01; NUMVAR >= 3
GENE	TEST_STAT_SUMMEDZ	META_PVAL	UKB_CASES_BETA	UKB_CASES_SE	UKB_CASES_PVAL	AMP_NIH_BETA	AMP_NIH_SE	AMP_NIH_PVAL	GNE_BETA	GNE_SE	GNE_PVAL	UKB_CASE_NUMVAR	AMP_NIH_NUMVAR	GNE_NUMVAR	TEST	VARIANT_GROUP	MAF	MIN_NUMVAR	META_ANALYSIS_GROUP
CAPN10	5.586258223536161	2.3201417709591615e-08	3.37192	1.10577	0.00229306	NA	NA	NA	2.09947867433774	0.827585633303507	0.0111847897236652	4.0	NA	6.0	CMCWald	ALL_LOF_HC_LOFTEE	0.01	3	meta_GNE_AMP_NIH_noRelateds_UKB_EXOM_PD_CASE_CONTROL_2021
PHKB	-5.352460558249421	8.676621945284688e-08	-1.23742	0.731361	0.0906565	-0.902617	0.435521	0.038219	-0.552281175440779	0.347779796438713	0.112281879679084	16.0	5.0	14.0	CMCWald	ALL_LOF_HC_LOFTEE	0.01	3	meta_GNE_AMP_NIH_noRelateds_UKB_EXOM_PD_CASE_CONTROL_2021
SCPEP1	4.38923632082353	1.137494063653542e-05	1.28914	0.770649	0.0943676	1.42377	0.661801	0.0314481	0.599394333816046	1.06072139183965	0.572018139634863	5.0	4.0	4.0	CMCWald	ALL_LOF_HC_LOFTEE	0.01	3	meta_GNE_AMP_NIH_noRelateds_UKB_EXOM_PD_CASE_CONTROL_2021
SOAT2	4.255506458006997	2.0857634375599188e-05	0.647054	0.32986	0.0498089	NA	NA	NA	0.709482890173676	0.309290499961594	0.0217959810802337	6.0	NA	8.0	CMCWald	ALL_LOF_HC_LOFTEE	0.01	3	meta_GNE_AMP_NIH_noRelateds_UKB_EXOM_PD_CASE_CONTROL_2021
ANKDD1A	3.928264379716113	8.556112222599085e-05	1.92457	0.821911	0.0192026	NA	NA	NA	1.16744561844316	0.73577663689752	0.112584046760054	4.0	NA	8.0	CMCWald	ALL_LOF_HC_LOFTEE	0.01	3	meta_GNE_AMP_NIH_noRelateds_UKB_EXOM_PD_CASE_CONTROL_2021
TRPM2	3.8110028021326183	0.00013840419815873187	0.27209	0.30346	0.369918	0.578397	0.301842	0.0553363	0.262138236676053	0.262623345348955	0.318205253216875	19.0	6.0	17.0	CMCWald	ALL_LOF_HC_LOFTEE	0.01	3	meta_GNE_AMP_NIH_noRelateds_UKB_EXOM_PD_CASE_CONTROL_2021
ANKRD35	3.8061720081096437	0.00014113424534997944	NA	NA	NA	0.622617	0.525273	0.23589	0.787903283802311	0.300628770593821	0.0087710527736246	NA	3.0	11.0	CMCWald	ALL_LOF_HC_LOFTEE	0.01	3	meta_GNE_AMP_NIH_noRelateds_UKB_EXOM_PD_CASE_CONTROL_2021
SYNE4	-3.798878934865372	0.00014535206701145274	-0.474283	0.75359	0.52911	-1.06676	0.565646	0.059306	-0.620218630088436	0.483186973886379	0.199282072630315	5.0	3.0	5.0	CMCWald	ALL_LOF_HC_LOFTEE	0.01	3	meta_GNE_AMP_NIH_noRelateds_UKB_EXOM_PD_CASE_CONTROL_2021
ALMS1	3.772462594054055	0.0001616442060362235	0.748115	0.39877	0.0606473	NA	NA	NA	0.699224279610696	0.368710180327495	0.0579063499404486	19.0	NA	22.0	CMCWald	ALL_LOF_HC_LOFTEE	0.01	3	meta_GNE_AMP_NIH_noRelateds_UKB_EXOM_PD_CASE_CONTROL_2021
CCDC158	3.7066475619035173	0.00021002088853699498	1.34957	0.548656	0.0139024	0.106131	0.550899	0.847233	0.571330264312326	0.541944632024898	0.291781027746948	11.0	3.0	9.0	CMCWald	ALL_LOF_HC_LOFTEE	0.01	3	meta_GNE_AMP_NIH_noRelateds_UKB_EXOM_PD_CASE_CONTROL_2021
VPS13A	3.706028239024319	0.00021053483575146235	1.54204	0.524342	0.00327248	NA	NA	NA	0.291768139799279	0.381334820329159	0.4441981521126	14.0	NA	28.0	CMCWald	ALL_LOF_HC_LOFTEE	0.01	3	meta_GNE_AMP_NIH_noRelateds_UKB_EXOM_PD_CASE_CONTROL_2021
BCAS4	3.6510190123348663	0.0002612019011314344	1.10253	0.715606	0.123391	0.956681	0.791909	0.227021	0.680289742612597	0.753987939410745	0.366921174565869	4.0	3.0	3.0	CMCWald	ALL_LOF_HC_LOFTEE	0.01	3	meta_GNE_AMP_NIH_noRelateds_UKB_EXOM_PD_CASE_CONTROL_2021
CTTNBP2	3.6429563604486566	0.0002695245466174681	2.64037	1.22823	0.0315758	NA	NA	NA	1.03960976612496	0.696219830301805	0.135379461498745	3.0	NA	8.0	CMCWald	ALL_LOF_HC_LOFTEE	0.01	3	meta_GNE_AMP_NIH_noRelateds_UKB_EXOM_PD_CASE_CONTROL_2021
BLM	3.6380832518382418	0.0002746746452835628	0.248988	0.564676	0.659257	0.982465	0.603184	0.103356	0.604248358448257	0.385277581930462	0.116800524767547	13.0	5.0	12.0	CMCWald	ALL_LOF_HC_LOFTEE	0.01	3	meta_GNE_AMP_NIH_noRelateds_UKB_EXOM_PD_CASE_CONTROL_2021
LIPE	3.6214049849748133	0.00029300741833538795	1.08247	0.482303	0.0248084	NA	NA	NA	0.299571310935429	0.217549259967976	0.168503749515612	9.0	NA	6.0	CMCWald	ALL_LOF_HC_LOFTEE	0.01	3	meta_GNE_AMP_NIH_noRelateds_UKB_EXOM_PD_CASE_CONTROL_2021
TRAPPC3L	3.605267875570504	0.0003118311087798752	NA	NA	NA	0.48783	0.927199	0.598795	1.93465590208608	0.628311518023376	0.0020760267795094	NA	3.0	4.0	CMCWald	ALL_LOF_HC_LOFTEE	0.01	3	meta_GNE_AMP_NIH_noRelateds_UKB_EXOM_PD_CASE_CONTROL_2021
CD44	3.590169740958714	0.0003304626936573947	3.22015	1.12446	0.00418689	NA	NA	NA	0.610504365916178	0.840406236353939	0.467569325430392	3.0	NA	5.0	CMCWald	ALL_LOF_HC_LOFTEE	0.01	3	meta_GNE_AMP_NIH_noRelateds_UKB_EXOM_PD_CASE_CONTROL_2021
SP100	-3.574213569538257	0.00035128212167143005	NA	NA	NA	-0.604001	0.33706	0.0731379	-0.492003455858637	0.2760582952547	0.0747093231736227	NA	3.0	14.0	CMCWald	ALL_LOF_HC_LOFTEE	0.01	3	meta_GNE_AMP_NIH_noRelateds_UKB_EXOM_PD_CASE_CONTROL_2021
MROH5	-3.5490697289342528	0.00038659469391879247	-0.650158	0.608976	0.28569	-1.06886	0.812196	0.188171	-1.72915318853837	1.48370105026906	0.243844032519925	12.0	3.0	5.0	CMCWald	ALL_LOF_HC_LOFTEE	0.01	3	meta_GNE_AMP_NIH_noRelateds_UKB_EXOM_PD_CASE_CONTROL_2021
LONP2	3.5308053343328725	0.0004142965341761526	-1.17113	1.03218	0.256535	0.497798	0.441989	0.260053	1.5140360037784	0.427795843599402	0.0004014093550155	7.0	4.0	11.0	CMCWald	ALL_LOF_HC_LOFTEE	0.01	3	meta_GNE_AMP_NIH_noRelateds_UKB_EXOM_PD_CASE_CONTROL_2021
B3GNT3	3.505879203534955	0.00045510171254698807	NA	NA	NA	NA	NA	NA	3.74312143465989	1.06766982470067	0.0004551017125469	NA	NA	3.0	CMCWald	ALL_LOF_HC_LOFTEE	0.01	3	meta_GNE_AMP_NIH_noRelateds_UKB_EXOM_PD_CASE_CONTROL_2021
TRMT10A	3.4549288466129435	0.000550438066024895	2.53792	0.850137	0.00283288	NA	NA	NA	0.333404522378193	0.709942642882432	0.638625266407242	3.0	NA	10.0	CMCWald	ALL_LOF_HC_LOFTEE	0.01	3	meta_GNE_AMP_NIH_noRelateds_UKB_EXOM_PD_CASE_CONTROL_2021
RECQL4	-3.434588097794472	0.0005934551347539804	-0.275407	0.623057	0.65847	-0.960585	0.829057	0.2466	-0.958903366453814	0.522872303138372	0.0666666107120231	12.0	3.0	20.0	CMCWald	ALL_LOF_HC_LOFTEE	0.01	3	meta_GNE_AMP_NIH_noRelateds_UKB_EXOM_PD_CASE_CONTROL_2021
COL22A1	3.348102372838481	0.0008136694892557388	NA	NA	NA	0.762761	0.69358	0.271443	0.723893722810822	0.32196556824682	0.0245533984262347	NA	3.0	29.0	CMCWald	ALL_LOF_HC_LOFTEE	0.01	3	meta_GNE_AMP_NIH_noRelateds_UKB_EXOM_PD_CASE_CONTROL_2021
 
COHORT: GNE_AMP_NIH_UKB_CASE_CONTROL_META; VARIANT GROUP: ALL_MODERATE_HIGH_IMPACT_SNPEFF; MAF: 0.001; NUMVAR >= 3
GENE	TEST_STAT_SUMMEDZ	META_PVAL	UKB_CASES_BETA	UKB_CASES_SE	UKB_CASES_PVAL	AMP_NIH_BETA	AMP_NIH_SE	AMP_NIH_PVAL	GNE_BETA	GNE_SE	GNE_PVAL	UKB_CASE_NUMVAR	AMP_NIH_NUMVAR	GNE_NUMVAR	TEST	VARIANT_GROUP	MAF	MIN_NUMVAR	META_ANALYSIS_GROUP
GBA	8.807880374082151	1.2753443111181059e-18	1.18776	0.263712	6.66843e-06	0.87011	0.352526	0.013579	0.769647136492188	0.419275225865795	0.0664078248262314	35.0	15.0	19.0	CMCWald	ALL_MODERATE_HIGH_IMPACT_SNPEFF	0.001	3	meta_GNE_AMP_NIH_noRelateds_UKB_EXOM_PD_CASE_CONTROL_2021
DSEL	7.695563289817887	1.4087218047003683e-14	0.688363	0.223059	0.00202863	0.669373	0.267761	0.0124232	0.401032076443262	0.190093195512048	0.0348876224806451	63.0	22.0	79.0	CMCWald	ALL_MODERATE_HIGH_IMPACT_SNPEFF	0.001	3	meta_GNE_AMP_NIH_noRelateds_UKB_EXOM_PD_CASE_CONTROL_2021
BOLA1	6.750021100101437	1.4782365634986507e-11	1.01812	0.555583	0.0668723	1.00169	0.587393	0.0881355	1.09138563558828	0.339764698226677	0.0013173145056984	9.0	5.0	15.0	CMCWald	ALL_MODERATE_HIGH_IMPACT_SNPEFF	0.001	3	meta_GNE_AMP_NIH_noRelateds_UKB_EXOM_PD_CASE_CONTROL_2021
TAAR6	6.432829337661226	1.2525025778124791e-10	0.710212	0.342692	0.0382232	0.708631	0.301031	0.0185719	0.532793732632712	0.265551606666569	0.0448172059326547	27.0	13.0	41.0	CMCWald	ALL_MODERATE_HIGH_IMPACT_SNPEFF	0.001	3	meta_GNE_AMP_NIH_noRelateds_UKB_EXOM_PD_CASE_CONTROL_2021
ELN	6.25951659574341	3.8617263935621153e-10	0.452351	0.233779	0.0529957	0.343713	0.206046	0.0952886	0.46195315067883	0.173900121153146	0.0078973313372441	57.0	30.0	81.0	CMCWald	ALL_MODERATE_HIGH_IMPACT_SNPEFF	0.001	3	meta_GNE_AMP_NIH_noRelateds_UKB_EXOM_PD_CASE_CONTROL_2021
KCNK4	6.160066593145965	7.271436002299065e-10	0.642379	0.318684	0.043829	0.783966	0.309685	0.0113577	0.330474219739096	0.204901076906343	0.106777611578367	30.0	14.0	48.0	CMCWald	ALL_MODERATE_HIGH_IMPACT_SNPEFF	0.001	3	meta_GNE_AMP_NIH_noRelateds_UKB_EXOM_PD_CASE_CONTROL_2021
DLEU7	6.143627099641578	8.065807481726196e-10	1.04158	0.396452	0.00860807	0.911536	0.379636	0.0163467	0.407973799887206	0.365799190463023	0.264724271213436	17.0	7.0	17.0	CMCWald	ALL_MODERATE_HIGH_IMPACT_SNPEFF	0.001	3	meta_GNE_AMP_NIH_noRelateds_UKB_EXOM_PD_CASE_CONTROL_2021
NOCT	5.937534834431082	2.8933958230081903e-09	0.492765	0.351384	0.16081	0.511152	0.292447	0.0804903	0.987299568193758	0.354209122435547	0.0053143470946627	18.0	8.0	26.0	CMCWald	ALL_MODERATE_HIGH_IMPACT_SNPEFF	0.001	3	meta_GNE_AMP_NIH_noRelateds_UKB_EXOM_PD_CASE_CONTROL_2021
EP400	5.921913199549455	3.1821758258143144e-09	0.311026	0.142761	0.0293584	0.276941	0.153597	0.0713829	0.206337181215966	0.106346848506667	0.052351932226404	200.0	63.0	306.0	CMCWald	ALL_MODERATE_HIGH_IMPACT_SNPEFF	0.001	3	meta_GNE_AMP_NIH_noRelateds_UKB_EXOM_PD_CASE_CONTROL_2021
PSG7	5.9061821211207866	3.50126901670289e-09	0.569415	0.231942	0.0140891	0.548395	0.231547	0.0178656	0.176468150258494	0.162974313128223	0.278898393269631	53.0	24.0	91.0	CMCWald	ALL_MODERATE_HIGH_IMPACT_SNPEFF	0.001	3	meta_GNE_AMP_NIH_noRelateds_UKB_EXOM_PD_CASE_CONTROL_2021
ALKBH6	5.897329965168316	3.694306383995344e-09	0.594249	0.371426	0.109618	0.919734	0.535683	0.0859909	1.25008792256202	0.484439949149861	0.0098662880839102	14.0	6.0	15.0	CMCWald	ALL_MODERATE_HIGH_IMPACT_SNPEFF	0.001	3	meta_GNE_AMP_NIH_noRelateds_UKB_EXOM_PD_CASE_CONTROL_2021
KIF9	5.861103057788507	4.598024845637901e-09	1.01942	0.218698	3.14219e-06	0.148892	0.235496	0.527224	0.102669821526843	0.18090299452327	0.570346847688333	55.0	26.0	93.0	CMCWald	ALL_MODERATE_HIGH_IMPACT_SNPEFF	0.001	3	meta_GNE_AMP_NIH_noRelateds_UKB_EXOM_PD_CASE_CONTROL_2021
CFAP52	-5.846056578327778	5.033629008716053e-09	-0.352038	0.407327	0.387442	-0.852688	0.351345	0.0152275	-0.679282920704885	0.265877931573182	0.010622818696429	33.0	13.0	66.0	CMCWald	ALL_MODERATE_HIGH_IMPACT_SNPEFF	0.001	3	meta_GNE_AMP_NIH_noRelateds_UKB_EXOM_PD_CASE_CONTROL_2021
ERCC8	-5.833904350980616	5.41451676857657e-09	-1.32354	0.727548	0.0688837	-0.71769	0.393815	0.0683936	-0.66120240221282	0.301599197632898	0.0283563011297112	29.0	10.0	38.0	CMCWald	ALL_MODERATE_HIGH_IMPACT_SNPEFF	0.001	3	meta_GNE_AMP_NIH_noRelateds_UKB_EXOM_PD_CASE_CONTROL_2021
PARM1	5.824553529209627	5.726548175549874e-09	0.818347	0.335631	0.0147592	0.962014	0.372028	0.00971349	0.265792138804556	0.33205141344999	0.423447357260572	16.0	7.0	28.0	CMCWald	ALL_MODERATE_HIGH_IMPACT_SNPEFF	0.001	3	meta_GNE_AMP_NIH_noRelateds_UKB_EXOM_PD_CASE_CONTROL_2021
DPYSL4	5.81678820140816	5.9989071906614285e-09	0.37131	0.246166	0.131459	0.854218	0.290256	0.0032507	0.342334313877614	0.250714575026288	0.172116547380197	60.0	19.0	59.0	CMCWald	ALL_MODERATE_HIGH_IMPACT_SNPEFF	0.001	3	meta_GNE_AMP_NIH_noRelateds_UKB_EXOM_PD_CASE_CONTROL_2021
MTFR2	5.791714322881079	6.967157739180122e-09	0.726561	0.307725	0.0182222	0.774244	0.356194	0.0297309	0.350517873146792	0.278856325597785	0.208759515612944	26.0	11.0	36.0	CMCWald	ALL_MODERATE_HIGH_IMPACT_SNPEFF	0.001	3	meta_GNE_AMP_NIH_noRelateds_UKB_EXOM_PD_CASE_CONTROL_2021
KLHL25	-5.645715820450452	1.6449536978865886e-08	-0.7315	0.334694	0.0288465	-0.912865	0.315496	0.00381062	-0.110098849802646	0.194277496771165	0.57091175168186	60.0	22.0	102.0	CMCWald	ALL_MODERATE_HIGH_IMPACT_SNPEFF	0.001	3	meta_GNE_AMP_NIH_noRelateds_UKB_EXOM_PD_CASE_CONTROL_2021
MXD1	5.637034856931109	1.7300310484961695e-08	0.936818	0.500806	0.0613978	1.24385	0.548573	0.023364	0.56224670286724	0.37508471835088	0.133877290837067	11.0	8.0	16.0	CMCWald	ALL_MODERATE_HIGH_IMPACT_SNPEFF	0.001	3	meta_GNE_AMP_NIH_noRelateds_UKB_EXOM_PD_CASE_CONTROL_2021
TMEM236	5.6318386532014415	1.7829845138405304e-08	0.776282	0.38174	0.0419982	0.502436	0.330048	0.127931	0.553739764198468	0.266735168341878	0.0378947988777538	16.0	12.0	45.0	CMCWald	ALL_MODERATE_HIGH_IMPACT_SNPEFF	0.001	3	meta_GNE_AMP_NIH_noRelateds_UKB_EXOM_PD_CASE_CONTROL_2021
MAP3K6	-5.579006131005665	2.418967158767953e-08	-0.455703	0.297154	0.125138	-0.484173	0.226119	0.0322555	-0.334885595215875	0.175865263905104	0.0568819508132278	81.0	37.0	121.0	CMCWald	ALL_MODERATE_HIGH_IMPACT_SNPEFF	0.001	3	meta_GNE_AMP_NIH_noRelateds_UKB_EXOM_PD_CASE_CONTROL_2021
BLOC1S6	5.576686561063371	2.451429900089033e-08	1.73008	0.825765	0.0361595	2.10739	1.16981	0.0716273	0.712836354308224	0.424286628528233	0.0929413502108018	5.0	3.0	17.0	CMCWald	ALL_MODERATE_HIGH_IMPACT_SNPEFF	0.001	3	meta_GNE_AMP_NIH_noRelateds_UKB_EXOM_PD_CASE_CONTROL_2021
FAM186B	5.535239643525548	3.108031026093796e-08	0.0151253	0.261132	0.953811	0.453466	0.209124	0.0301275	0.584628522997871	0.176683096152478	0.0009365982698737	56.0	29.0	95.0	CMCWald	ALL_MODERATE_HIGH_IMPACT_SNPEFF	0.001	3	meta_GNE_AMP_NIH_noRelateds_UKB_EXOM_PD_CASE_CONTROL_2021
GDF9	5.512007255261626	3.547642929540499e-08	-0.0307325	0.417014	0.941252	0.978568	0.474318	0.0391026	0.794658719313446	0.225588787384234	0.0004273382441273	26.0	8.0	53.0	CMCWald	ALL_MODERATE_HIGH_IMPACT_SNPEFF	0.001	3	meta_GNE_AMP_NIH_noRelateds_UKB_EXOM_PD_CASE_CONTROL_2021
 
COHORT: GNE_AMP_NIH_UKB_CASE_CONTROL_META; VARIANT GROUP: ALL_MODERATE_HIGH_IMPACT_SNPEFF; MAF: 0.01; NUMVAR >= 3
GENE	TEST_STAT_SUMMEDZ	META_PVAL	UKB_CASES_BETA	UKB_CASES_SE	UKB_CASES_PVAL	AMP_NIH_BETA	AMP_NIH_SE	AMP_NIH_PVAL	GNE_BETA	GNE_SE	GNE_PVAL	UKB_CASE_NUMVAR	AMP_NIH_NUMVAR	GNE_NUMVAR	TEST	VARIANT_GROUP	MAF	MIN_NUMVAR	META_ANALYSIS_GROUP
GBA	13.74284861342992	5.62195018447731e-43	0.686803	0.16392	2.79129e-05	0.567902	0.129786	1.21058e-05	0.669509757037131	0.129316351187564	2.25118087878369e-07	37.0	17.0	21.0	CMCWald	ALL_MODERATE_HIGH_IMPACT_SNPEFF	0.01	3	meta_GNE_AMP_NIH_noRelateds_UKB_EXOM_PD_CASE_CONTROL_2021
EEA1	7.55887042978949	4.0658465982123414e-14	0.590326	0.124889	2.28064e-06	0.064873	0.111883	0.56203	0.281506105845934	0.124989607473326	0.0243073559565939	55.0	28.0	92.0	CMCWald	ALL_MODERATE_HIGH_IMPACT_SNPEFF	0.01	3	meta_GNE_AMP_NIH_noRelateds_UKB_EXOM_PD_CASE_CONTROL_2021
RNF114	6.919720915840313	4.5253427080688756e-12	0.494221	0.26179	0.0590455	0.268103	0.194885	0.168915	0.759777852904681	0.207807061135968	0.0002560120421331	16.0	9.0	23.0	CMCWald	ALL_MODERATE_HIGH_IMPACT_SNPEFF	0.01	3	meta_GNE_AMP_NIH_noRelateds_UKB_EXOM_PD_CASE_CONTROL_2021
SNX27	-6.749672096156614	1.481796555484431e-11	-0.719619	0.283461	0.0111269	-0.645474	0.228581	0.00474535	-0.273894107905587	0.197450435045843	0.16539489039208	27.0	10.0	29.0	CMCWald	ALL_MODERATE_HIGH_IMPACT_SNPEFF	0.01	3	meta_GNE_AMP_NIH_noRelateds_UKB_EXOM_PD_CASE_CONTROL_2021
LSR	6.477528075296824	9.32374287311035e-11	0.452144	0.164979	0.00613252	0.389609	0.189903	0.0402064	0.199387817072404	0.11831058046768	0.0919323425032511	55.0	26.0	83.0	CMCWald	ALL_MODERATE_HIGH_IMPACT_SNPEFF	0.01	3	meta_GNE_AMP_NIH_noRelateds_UKB_EXOM_PD_CASE_CONTROL_2021
NUP210	6.430971878009986	1.2679061961900258e-10	0.25994	0.112504	0.0208605	0.153764	0.090641	0.089809	0.215867383609869	0.0890516461477096	0.0153476659529858	138.0	65.0	212.0	CMCWald	ALL_MODERATE_HIGH_IMPACT_SNPEFF	0.01	3	meta_GNE_AMP_NIH_noRelateds_UKB_EXOM_PD_CASE_CONTROL_2021
DLEU7	6.143627099641578	8.065807481726196e-10	1.04158	0.396452	0.00860807	0.911536	0.379636	0.0163467	0.407973799887206	0.365799190463023	0.264724271213436	17.0	7.0	17.0	CMCWald	ALL_MODERATE_HIGH_IMPACT_SNPEFF	0.01	3	meta_GNE_AMP_NIH_noRelateds_UKB_EXOM_PD_CASE_CONTROL_2021
GPLD1	-6.109773312944662	9.9772753716525e-10	-0.362102	0.192601	0.0601001	-0.271283	0.134853	0.0442526	-0.288793348020507	0.130203445746005	0.0265537299280114	61.0	30.0	104.0	CMCWald	ALL_MODERATE_HIGH_IMPACT_SNPEFF	0.01	3	meta_GNE_AMP_NIH_noRelateds_UKB_EXOM_PD_CASE_CONTROL_2021
DSEL	5.870597310342338	4.342278174772919e-09	0.350387	0.172846	0.0426457	0.309355	0.166203	0.0627001	0.25937201691796	0.130855447694717	0.0474651130485253	66.0	25.0	82.0	CMCWald	ALL_MODERATE_HIGH_IMPACT_SNPEFF	0.01	3	meta_GNE_AMP_NIH_noRelateds_UKB_EXOM_PD_CASE_CONTROL_2021
DLL4	5.854802220480044	4.775780088404559e-09	0.471549	0.28277	0.0953947	0.333736	0.26776	0.212619	0.593385396364556	0.201777117593792	0.0032736976125282	35.0	12.0	49.0	CMCWald	ALL_MODERATE_HIGH_IMPACT_SNPEFF	0.01	3	meta_GNE_AMP_NIH_noRelateds_UKB_EXOM_PD_CASE_CONTROL_2021
LRRK2	5.81219738080777	6.1658078654940114e-09	0.15702	0.134242	0.242131	0.275456	0.105909	0.00929857	0.198642149233156	0.0972951747741926	0.0411868171620675	129.0	58.0	200.0	CMCWald	ALL_MODERATE_HIGH_IMPACT_SNPEFF	0.01	3	meta_GNE_AMP_NIH_noRelateds_UKB_EXOM_PD_CASE_CONTROL_2021
SULT1C4	-5.658327561178554	1.5285518915438353e-08	-0.796844	0.332835	0.0166608	-0.398836	0.192305	0.0380819	-0.512884415054586	0.430908354071299	0.233952024881661	14.0	11.0	26.0	CMCWald	ALL_MODERATE_HIGH_IMPACT_SNPEFF	0.01	3	meta_GNE_AMP_NIH_noRelateds_UKB_EXOM_PD_CASE_CONTROL_2021
ZNF781	5.627802778057443	1.8251960158990394e-08	0.702217	0.31683	0.0266654	0.459584	0.343628	0.181078	0.464277466648675	0.223859050142595	0.0380818845148652	17.0	9.0	39.0	CMCWald	ALL_MODERATE_HIGH_IMPACT_SNPEFF	0.01	3	meta_GNE_AMP_NIH_noRelateds_UKB_EXOM_PD_CASE_CONTROL_2021
CENPF	-5.569312467447828	2.5574648436525195e-08	-0.371545	0.136425	0.00646054	-0.139046	0.0902384	0.123346	-0.117348364161644	0.0899220678680183	0.191892599400491	158.0	78.0	279.0	CMCWald	ALL_MODERATE_HIGH_IMPACT_SNPEFF	0.01	3	meta_GNE_AMP_NIH_noRelateds_UKB_EXOM_PD_CASE_CONTROL_2021
HSPA1L	-5.536590177079232	3.0841707631562795e-08	-0.457831	0.297213	0.12346	-0.359642	0.16945	0.0338037	-0.500072826060571	0.266880778892792	0.0609623246902803	39.0	16.0	50.0	CMCWald	ALL_MODERATE_HIGH_IMPACT_SNPEFF	0.01	3	meta_GNE_AMP_NIH_noRelateds_UKB_EXOM_PD_CASE_CONTROL_2021
BLOC1S6	5.53350353973525	3.138966453856639e-08	1.73008	0.825765	0.0361595	0.760641	0.428262	0.0757146	0.543326950836211	0.326858762817135	0.0964589964600797	5.0	4.0	18.0	CMCWald	ALL_MODERATE_HIGH_IMPACT_SNPEFF	0.01	3	meta_GNE_AMP_NIH_noRelateds_UKB_EXOM_PD_CASE_CONTROL_2021
DPYSL4	5.5161601660301525	3.464865087577785e-08	0.37131	0.246166	0.131459	0.587411	0.222306	0.0082333	0.342334313877614	0.250714575026288	0.172116547380197	60.0	20.0	59.0	CMCWald	ALL_MODERATE_HIGH_IMPACT_SNPEFF	0.01	3	meta_GNE_AMP_NIH_noRelateds_UKB_EXOM_PD_CASE_CONTROL_2021
SST	-5.513354591911069	3.5205791598075896e-08	-0.526773	0.751982	0.483607	-1.28668	0.476592	0.0069391	-0.916922803798135	0.433925056591205	0.0345930445313883	3.0	4.0	10.0	CMCWald	ALL_MODERATE_HIGH_IMPACT_SNPEFF	0.01	3	meta_GNE_AMP_NIH_noRelateds_UKB_EXOM_PD_CASE_CONTROL_2021
ENPP2	-5.479970670255797	4.2539634823532466e-08	-0.37316	0.179668	0.0378069	-0.162158	0.132499	0.22101	-0.277466752107299	0.127325895355081	0.029317886474967	53.0	20.0	77.0	CMCWald	ALL_MODERATE_HIGH_IMPACT_SNPEFF	0.01	3	meta_GNE_AMP_NIH_noRelateds_UKB_EXOM_PD_CASE_CONTROL_2021
GCNT2	-5.477332416790494	4.317856083754462e-08	-0.373936	0.170978	0.0287399	-0.263144	0.146714	0.0728801	-0.198421109826549	0.132571866690346	0.134469771384431	72.0	29.0	136.0	CMCWald	ALL_MODERATE_HIGH_IMPACT_SNPEFF	0.01	3	meta_GNE_AMP_NIH_noRelateds_UKB_EXOM_PD_CASE_CONTROL_2021
MPP2	-5.474887400880469	4.377898927813182e-08	-0.780345	0.525848	0.137816	-0.59213	0.239903	0.013579	-0.437171832534774	0.287101733793195	0.127832014761194	30.0	11.0	60.0	CMCWald	ALL_MODERATE_HIGH_IMPACT_SNPEFF	0.01	3	meta_GNE_AMP_NIH_noRelateds_UKB_EXOM_PD_CASE_CONTROL_2021
ASMT	-5.457039880519483	4.841376473059526e-08	-0.965862	0.348246	0.00554562	NA	NA	NA	-0.465212352633865	0.17335803791663	0.0072848361753386	39.0	NA	60.0	CMCWald	ALL_MODERATE_HIGH_IMPACT_SNPEFF	0.01	3	meta_GNE_AMP_NIH_noRelateds_UKB_EXOM_PD_CASE_CONTROL_2021
HSD11B1L	5.418520106011604	6.009438204492379e-08	0.707961	0.250819	0.00476365	0.07092	0.239865	0.767485	0.673280690463867	0.292698077254184	0.0214336856485304	35.0	16.0	42.0	CMCWald	ALL_MODERATE_HIGH_IMPACT_SNPEFF	0.01	3	meta_GNE_AMP_NIH_noRelateds_UKB_EXOM_PD_CASE_CONTROL_2021
CGN	5.406562153565628	6.424593959545762e-08	0.16618	0.114202	0.145632	0.226005	0.0960056	0.0185687	0.185262681303621	0.11598200791577	0.110189975975502	104.0	51.0	156.0	CMCWald	ALL_MODERATE_HIGH_IMPACT_SNPEFF	0.01	3	meta_GNE_AMP_NIH_noRelateds_UKB_EXOM_PD_CASE_CONTROL_2021
 
COHORT: GNE_AMP_NIH_UKB_CASE_CONTROL_META; VARIANT GROUP: ALL_LOF_HC_LOFTEE_and_CADD_20_VEP; MAF: 0.001; NUMVAR >= 3
GENE	TEST_STAT_SUMMEDZ	META_PVAL	UKB_CASES_BETA	UKB_CASES_SE	UKB_CASES_PVAL	AMP_NIH_BETA	AMP_NIH_SE	AMP_NIH_PVAL	GNE_BETA	GNE_SE	GNE_PVAL	UKB_CASE_NUMVAR	AMP_NIH_NUMVAR	GNE_NUMVAR	TEST	VARIANT_GROUP	MAF	MIN_NUMVAR	META_ANALYSIS_GROUP
GBA	8.577162089934006	9.724253922553973e-18	1.42758	0.320636	8.49417e-06	1.4764	0.602972	0.0143439	0.736621419849181	0.439436764240767	0.0936823087648858	25.0	8.0	17.0	CMCWald	ALL_LOF_HC_LOFTEE_and_CADD_20_VEP	0.001	3	meta_GNE_AMP_NIH_noRelateds_UKB_EXOM_PD_CASE_CONTROL_2021
DSEL	7.210626525548543	5.569501823766968e-13	0.559979	0.22792	0.0140135	0.626914	0.239379	0.00882084	0.507459690769187	0.237708518393982	0.0327775064769944	67.0	22.0	57.0	CMCWald	ALL_LOF_HC_LOFTEE_and_CADD_20_VEP	0.001	3	meta_GNE_AMP_NIH_noRelateds_UKB_EXOM_PD_CASE_CONTROL_2021
BOLA1	6.77392975686749	1.2533054046756035e-11	1.11014	0.566144	0.0498924	0.889975	0.603173	0.140081	1.17157331155303	0.351026706700978	0.0008451693777209	8.0	4.0	14.0	CMCWald	ALL_LOF_HC_LOFTEE_and_CADD_20_VEP	0.001	3	meta_GNE_AMP_NIH_noRelateds_UKB_EXOM_PD_CASE_CONTROL_2021
MTFR2	6.365079040932352	1.951891938298805e-10	0.767851	0.361319	0.0335757	1.22233	0.511325	0.0168252	0.622533588322601	0.336608170367731	0.0643956012248935	17.0	6.0	21.0	CMCWald	ALL_LOF_HC_LOFTEE_and_CADD_20_VEP	0.001	3	meta_GNE_AMP_NIH_noRelateds_UKB_EXOM_PD_CASE_CONTROL_2021
PDE9A	6.346675509435969	2.2001751528857217e-10	0.722917	0.307692	0.0187997	0.490727	0.298069	0.0996906	0.735448407937654	0.312845048597393	0.0187311258523464	33.0	15.0	31.0	CMCWald	ALL_LOF_HC_LOFTEE_and_CADD_20_VEP	0.001	3	meta_GNE_AMP_NIH_noRelateds_UKB_EXOM_PD_CASE_CONTROL_2021
NECAP1	6.073418635102273	1.2521545749620836e-09	1.01139	0.554929	0.0683718	1.72121	0.846149	0.0419347	0.861285057882837	0.388545169024279	0.0266441299909345	9.0	3.0	13.0	CMCWald	ALL_LOF_HC_LOFTEE_and_CADD_20_VEP	0.001	3	meta_GNE_AMP_NIH_noRelateds_UKB_EXOM_PD_CASE_CONTROL_2021
ADH5	6.046006543991165	1.4848006776607854e-09	1.77613	0.406549	1.24927e-05	0.190214	0.591821	0.747904	0.423117374838916	0.312078327695277	0.175161201920928	19.0	6.0	29.0	CMCWald	ALL_LOF_HC_LOFTEE_and_CADD_20_VEP	0.001	3	meta_GNE_AMP_NIH_noRelateds_UKB_EXOM_PD_CASE_CONTROL_2021
RECK	-5.895532188022276	3.73475693616515e-09	-0.863249	0.427869	0.0436378	-0.46593	0.338643	0.16886	-0.844637275847417	0.337570805088855	0.0123457638021058	46.0	17.0	49.0	CMCWald	ALL_LOF_HC_LOFTEE_and_CADD_20_VEP	0.001	3	meta_GNE_AMP_NIH_noRelateds_UKB_EXOM_PD_CASE_CONTROL_2021
AHI1	5.85839241047198	4.673692471478173e-09	0.599679	0.296782	0.0433209	0.729088	0.346216	0.0352154	0.396894610056122	0.229165580622071	0.0832892388401876	43.0	16.0	78.0	CMCWald	ALL_LOF_HC_LOFTEE_and_CADD_20_VEP	0.001	3	meta_GNE_AMP_NIH_noRelateds_UKB_EXOM_PD_CASE_CONTROL_2021
ABCD2	5.839953986371029	5.221524166582706e-09	1.67133	0.584964	0.0042747	0.277665	0.414974	0.503422	0.731622865960789	0.316214788755351	0.0206847551541819	11.0	7.0	32.0	CMCWald	ALL_LOF_HC_LOFTEE_and_CADD_20_VEP	0.001	3	meta_GNE_AMP_NIH_noRelateds_UKB_EXOM_PD_CASE_CONTROL_2021
ANKRD29	-5.780807276007339	7.4343017304419456e-09	-1.85242	1.01664	0.0684409	-1.01467	0.516456	0.0494504	-0.932573957923367	0.467683359166421	0.0461489375085295	21.0	10.0	31.0	CMCWald	ALL_LOF_HC_LOFTEE_and_CADD_20_VEP	0.001	3	meta_GNE_AMP_NIH_noRelateds_UKB_EXOM_PD_CASE_CONTROL_2021
PURG	5.746125908186876	9.1311324548057e-09	1.54554	0.391313	7.82698e-05	0.251032	0.475528	0.597568	0.644578538780347	0.508102954654507	0.204584374982312	17.0	4.0	12.0	CMCWald	ALL_LOF_HC_LOFTEE_and_CADD_20_VEP	0.001	3	meta_GNE_AMP_NIH_noRelateds_UKB_EXOM_PD_CASE_CONTROL_2021
ASZ1	5.741410165415598	9.389136414813302e-09	0.748465	0.322579	0.020327	0.564953	0.351217	0.107713	0.48859944124957	0.269557443026842	0.0698937553939041	19.0	9.0	40.0	CMCWald	ALL_LOF_HC_LOFTEE_and_CADD_20_VEP	0.001	3	meta_GNE_AMP_NIH_noRelateds_UKB_EXOM_PD_CASE_CONTROL_2021
BRWD1	-5.694304903675323	1.2387554116623807e-08	-0.488528	0.308964	0.113837	-0.622511	0.286715	0.0299173	-0.46489796878891	0.239398729959641	0.0521443647260373	61.0	19.0	89.0	CMCWald	ALL_LOF_HC_LOFTEE_and_CADD_20_VEP	0.001	3	meta_GNE_AMP_NIH_noRelateds_UKB_EXOM_PD_CASE_CONTROL_2021
IRS1	5.689168311812768	1.2765959472509695e-08	0.567749	0.229471	0.0133549	0.431998	0.239232	0.0709538	0.304796033580811	0.216284946835716	0.158766079088062	71.0	25.0	96.0	CMCWald	ALL_LOF_HC_LOFTEE_and_CADD_20_VEP	0.001	3	meta_GNE_AMP_NIH_noRelateds_UKB_EXOM_PD_CASE_CONTROL_2021
KIF9	5.670706815982509	1.4220958163518945e-08	0.978421	0.226769	1.59885e-05	0.236196	0.251506	0.347665	0.0874695094946334	0.209776722416658	0.67670415334947	47.0	20.0	59.0	CMCWald	ALL_LOF_HC_LOFTEE_and_CADD_20_VEP	0.001	3	meta_GNE_AMP_NIH_noRelateds_UKB_EXOM_PD_CASE_CONTROL_2021
UBXN6	5.67010925949058	1.4270648219792627e-08	0.831992	0.239038	0.000500315	0.092722	0.331781	0.779886	0.440031169544376	0.230375923820923	0.0561258614663999	51.0	17.0	48.0	CMCWald	ALL_LOF_HC_LOFTEE_and_CADD_20_VEP	0.001	3	meta_GNE_AMP_NIH_noRelateds_UKB_EXOM_PD_CASE_CONTROL_2021
TTC12	5.649553055327653	1.6086553220529498e-08	0.797662	0.313289	0.0108937	0.185709	0.348049	0.593639	0.835114040869961	0.324960804003061	0.0101730341555786	30.0	16.0	30.0	CMCWald	ALL_LOF_HC_LOFTEE_and_CADD_20_VEP	0.001	3	meta_GNE_AMP_NIH_noRelateds_UKB_EXOM_PD_CASE_CONTROL_2021
AGAP3	5.602887252202323	2.1081036044998083e-08	0.817147	0.266566	0.00217337	0.709406	0.291699	0.0150165	0.026667838353337	0.252897370823327	0.916019337162023	45.0	19.0	54.0	CMCWald	ALL_LOF_HC_LOFTEE_and_CADD_20_VEP	0.001	3	meta_GNE_AMP_NIH_noRelateds_UKB_EXOM_PD_CASE_CONTROL_2021
ITIH5	5.5043167809793685	3.7060264981305974e-08	0.137852	0.234966	0.557412	0.548943	0.192315	0.004312	0.394126966209321	0.19102401900935	0.0390905427623405	50.0	25.0	70.0	CMCWald	ALL_LOF_HC_LOFTEE_and_CADD_20_VEP	0.001	3	meta_GNE_AMP_NIH_noRelateds_UKB_EXOM_PD_CASE_CONTROL_2021
TPSG1	5.487608197629058	4.07412472087293e-08	0.946891	0.347722	0.00646678	0.157762	0.303958	0.603744	0.584948048764301	0.260503008294169	0.0247388724390302	21.0	15.0	35.0	CMCWald	ALL_LOF_HC_LOFTEE_and_CADD_20_VEP	0.001	3	meta_GNE_AMP_NIH_noRelateds_UKB_EXOM_PD_CASE_CONTROL_2021
TKFC	5.470239654616776	4.4942744347991984e-08	0.115215	0.273093	0.673107	0.987247	0.317405	0.00186856	0.482641067665392	0.249043320362256	0.0526256167514587	60.0	20.0	41.0	CMCWald	ALL_LOF_HC_LOFTEE_and_CADD_20_VEP	0.001	3	meta_GNE_AMP_NIH_noRelateds_UKB_EXOM_PD_CASE_CONTROL_2021
NSMCE4A	5.453206313141873	4.946961735393814e-08	0.43336	0.322281	0.178733	0.783957	0.353155	0.0264276	0.744894865339268	0.394400843999484	0.058935441042851	24.0	9.0	19.0	CMCWald	ALL_LOF_HC_LOFTEE_and_CADD_20_VEP	0.001	3	meta_GNE_AMP_NIH_noRelateds_UKB_EXOM_PD_CASE_CONTROL_2021
TMEM151A	-5.38273826546608	7.336117311741582e-08	-0.91727	0.603208	0.128347	-1.12351	0.428782	0.00878681	-1.89141055074731	1.5230594801567	0.214292120361903	23.0	7.0	3.0	CMCWald	ALL_LOF_HC_LOFTEE_and_CADD_20_VEP	0.001	3	meta_GNE_AMP_NIH_noRelateds_UKB_EXOM_PD_CASE_CONTROL_2021
 
COHORT: GNE_AMP_NIH_UKB_CASE_CONTROL_META; VARIANT GROUP: ALL_LOF_HC_LOFTEE_and_CADD_20_VEP; MAF: 0.01; NUMVAR >= 3
GENE	TEST_STAT_SUMMEDZ	META_PVAL	UKB_CASES_BETA	UKB_CASES_SE	UKB_CASES_PVAL	AMP_NIH_BETA	AMP_NIH_SE	AMP_NIH_PVAL	GNE_BETA	GNE_SE	GNE_PVAL	UKB_CASE_NUMVAR	AMP_NIH_NUMVAR	GNE_NUMVAR	TEST	VARIANT_GROUP	MAF	MIN_NUMVAR	META_ANALYSIS_GROUP
GBA	13.29876332977809	2.3532839294042115e-40	0.681068	0.173446	8.61206e-05	0.570242	0.134312	2.17967e-05	0.665562299143836	0.129829707893833	2.95295141531058e-07	27.0	10.0	19.0	CMCWald	ALL_LOF_HC_LOFTEE_and_CADD_20_VEP	0.01	3	meta_GNE_AMP_NIH_noRelateds_UKB_EXOM_PD_CASE_CONTROL_2021
NAALADL1	6.809902121418903	9.766517043216563e-12	0.327801	0.200709	0.102423	0.33353	0.158157	0.0349575	0.532603518580831	0.173609031848876	0.0021561707136018	46.0	26.0	67.0	CMCWald	ALL_LOF_HC_LOFTEE_and_CADD_20_VEP	0.01	3	meta_GNE_AMP_NIH_noRelateds_UKB_EXOM_PD_CASE_CONTROL_2021
SNX27	-6.72170387928112	1.796116918400559e-11	-0.684003	0.274521	0.0127161	-0.645474	0.228581	0.00474535	-0.280761961512202	0.199652980855938	0.159649965301536	32.0	10.0	26.0	CMCWald	ALL_LOF_HC_LOFTEE_and_CADD_20_VEP	0.01	3	meta_GNE_AMP_NIH_noRelateds_UKB_EXOM_PD_CASE_CONTROL_2021
EEA1	6.6311396433913155	3.3310490916496516e-11	0.631861	0.142799	9.65157e-06	0.0862854	0.119447	0.470063	0.24462722630152	0.164850054054992	0.137825422985216	47.0	25.0	60.0	CMCWald	ALL_LOF_HC_LOFTEE_and_CADD_20_VEP	0.01	3	meta_GNE_AMP_NIH_noRelateds_UKB_EXOM_PD_CASE_CONTROL_2021
LRRK2	6.573033125571562	4.9300484538795416e-11	0.145556	0.142558	0.307243	0.322983	0.112698	0.00415788	0.287407260203841	0.10699848866288	0.0072294240094887	108.0	49.0	118.0	CMCWald	ALL_LOF_HC_LOFTEE_and_CADD_20_VEP	0.01	3	meta_GNE_AMP_NIH_noRelateds_UKB_EXOM_PD_CASE_CONTROL_2021
TMEM151A	-6.397424621292573	1.5801944386825412e-10	-0.417244	0.298251	0.161821	-0.715254	0.190399	0.000172228	-1.89141055074731	1.5230594801567	0.214292120361903	26.0	11.0	3.0	CMCWald	ALL_LOF_HC_LOFTEE_and_CADD_20_VEP	0.01	3	meta_GNE_AMP_NIH_noRelateds_UKB_EXOM_PD_CASE_CONTROL_2021
MIER2	-6.2926847652170625	3.120215858103115e-10	-0.0865955	0.303442	0.775355	-1.06721	0.349501	0.00226177	-0.654981577285064	0.221743337288428	0.0031390521015556	22.0	15.0	38.0	CMCWald	ALL_LOF_HC_LOFTEE_and_CADD_20_VEP	0.01	3	meta_GNE_AMP_NIH_noRelateds_UKB_EXOM_PD_CASE_CONTROL_2021
NECAP1	6.073418635102273	1.2521545749620836e-09	1.01139	0.554929	0.0683718	1.72121	0.846149	0.0419347	0.861285057882837	0.388545169024279	0.0266441299909345	9.0	3.0	13.0	CMCWald	ALL_LOF_HC_LOFTEE_and_CADD_20_VEP	0.01	3	meta_GNE_AMP_NIH_noRelateds_UKB_EXOM_PD_CASE_CONTROL_2021
NIPA2	5.998895392163115	1.9866428026272647e-09	0.911784	0.321039	0.00450987	0.354773	0.406908	0.383277	0.655562995107693	0.286658019854081	0.0222006892703935	17.0	4.0	20.0	CMCWald	ALL_LOF_HC_LOFTEE_and_CADD_20_VEP	0.01	3	meta_GNE_AMP_NIH_noRelateds_UKB_EXOM_PD_CASE_CONTROL_2021
TSPO	5.948040793878651	2.713709719270646e-09	0.645269	0.5226	0.216932	0.765844	0.437512	0.0800402	1.05435336294678	0.355856631633898	0.0030479520878643	7.0	6.0	10.0	CMCWald	ALL_LOF_HC_LOFTEE_and_CADD_20_VEP	0.01	3	meta_GNE_AMP_NIH_noRelateds_UKB_EXOM_PD_CASE_CONTROL_2021
ENPP2	-5.90019177105716	3.630793106243827e-09	-0.369747	0.182105	0.0423157	-0.186898	0.134877	0.165841	-0.325696788669937	0.131112903662084	0.0129881486756233	48.0	17.0	63.0	CMCWald	ALL_LOF_HC_LOFTEE_and_CADD_20_VEP	0.01	3	meta_GNE_AMP_NIH_noRelateds_UKB_EXOM_PD_CASE_CONTROL_2021
ERICH3	-5.896989201198427	3.7019407802626157e-09	-0.525519	0.252104	0.0371117	-0.540442	0.189552	0.00435598	-0.163338930789663	0.169914215598475	0.336400178403425	26.0	12.0	44.0	CMCWald	ALL_LOF_HC_LOFTEE_and_CADD_20_VEP	0.01	3	meta_GNE_AMP_NIH_noRelateds_UKB_EXOM_PD_CASE_CONTROL_2021
NSMCE4A	5.8126981109310085	6.147386476618906e-09	0.435209	0.24875	0.0801904	0.494498	0.227414	0.0296721	0.744894865339268	0.394400843999484	0.058935441042851	25.0	11.0	19.0	CMCWald	ALL_LOF_HC_LOFTEE_and_CADD_20_VEP	0.01	3	meta_GNE_AMP_NIH_noRelateds_UKB_EXOM_PD_CASE_CONTROL_2021
ANKRD29	-5.780807276007339	7.4343017304419456e-09	-1.85242	1.01664	0.0684409	-1.01467	0.516456	0.0494504	-0.932573957923367	0.467683359166421	0.0461489375085295	21.0	10.0	31.0	CMCWald	ALL_LOF_HC_LOFTEE_and_CADD_20_VEP	0.01	3	meta_GNE_AMP_NIH_noRelateds_UKB_EXOM_PD_CASE_CONTROL_2021
ASZ1	5.741410165415598	9.389136414813302e-09	0.748465	0.322579	0.020327	0.564953	0.351217	0.107713	0.48859944124957	0.269557443026842	0.0698937553939041	19.0	9.0	40.0	CMCWald	ALL_LOF_HC_LOFTEE_and_CADD_20_VEP	0.01	3	meta_GNE_AMP_NIH_noRelateds_UKB_EXOM_PD_CASE_CONTROL_2021
SPATA25	-5.734059791739168	9.805473883406704e-09	-0.770415	0.397708	0.0527288	-0.785975	0.262013	0.00270194	-0.408911578884711	0.512956134868363	0.425354189429075	9.0	3.0	16.0	CMCWald	ALL_LOF_HC_LOFTEE_and_CADD_20_VEP	0.01	3	meta_GNE_AMP_NIH_noRelateds_UKB_EXOM_PD_CASE_CONTROL_2021
KIF9	5.670706815982509	1.4220958163518945e-08	0.978421	0.226769	1.59885e-05	0.236196	0.251506	0.347665	0.0874695094946334	0.209776722416658	0.67670415334947	47.0	20.0	59.0	CMCWald	ALL_LOF_HC_LOFTEE_and_CADD_20_VEP	0.01	3	meta_GNE_AMP_NIH_noRelateds_UKB_EXOM_PD_CASE_CONTROL_2021
LSR	5.661828565582032	1.4976840998634392e-08	0.631478	0.215837	0.00343661	0.312946	0.174118	0.0722847	0.163447117651848	0.174104003374148	0.347838514214644	40.0	23.0	52.0	CMCWald	ALL_LOF_HC_LOFTEE_and_CADD_20_VEP	0.01	3	meta_GNE_AMP_NIH_noRelateds_UKB_EXOM_PD_CASE_CONTROL_2021
TTC12	5.649553055327653	1.6086553220529498e-08	0.797662	0.313289	0.0108937	0.185709	0.348049	0.593639	0.835114040869961	0.324960804003061	0.0101730341555786	30.0	16.0	30.0	CMCWald	ALL_LOF_HC_LOFTEE_and_CADD_20_VEP	0.01	3	meta_GNE_AMP_NIH_noRelateds_UKB_EXOM_PD_CASE_CONTROL_2021
AHI1	5.6367292701233165	1.7331024943753736e-08	0.234344	0.15833	0.138846	0.273719	0.13268	0.0391128	0.250461247222622	0.119630165192531	0.0362929943676782	46.0	19.0	81.0	CMCWald	ALL_LOF_HC_LOFTEE_and_CADD_20_VEP	0.01	3	meta_GNE_AMP_NIH_noRelateds_UKB_EXOM_PD_CASE_CONTROL_2021
ALDH1B1	-5.624017150991492	1.8656711484162613e-08	-0.266286	0.168236	0.113464	-0.297946	0.164224	0.0696361	-0.344854398803557	0.15485578819728	0.0259513488658518	32.0	14.0	55.0	CMCWald	ALL_LOF_HC_LOFTEE_and_CADD_20_VEP	0.01	3	meta_GNE_AMP_NIH_noRelateds_UKB_EXOM_PD_CASE_CONTROL_2021
GPLD1	-5.612788896358741	1.990914295085795e-08	-0.376313	0.208857	0.0715818	-0.357045	0.185873	0.0547438	-0.271079999304863	0.143420446029028	0.0587436414905866	40.0	14.0	62.0	CMCWald	ALL_LOF_HC_LOFTEE_and_CADD_20_VEP	0.01	3	meta_GNE_AMP_NIH_noRelateds_UKB_EXOM_PD_CASE_CONTROL_2021
ANKRD23	5.580923235070182	2.392452259223668e-08	-0.0980214	0.330131	0.76653	0.477042	0.244129	0.050694	0.843759058161439	0.2150371448078	8.71693174891259e-05	19.0	11.0	29.0	CMCWald	ALL_LOF_HC_LOFTEE_and_CADD_20_VEP	0.01	3	meta_GNE_AMP_NIH_noRelateds_UKB_EXOM_PD_CASE_CONTROL_2021
ZBBX	5.548298255023877	2.8846348554487177e-08	0.554206	0.218635	0.0112498	0.150602	0.226351	0.505828	0.408998599480771	0.174182390813872	0.0188691847052808	20.0	8.0	35.0	CMCWald	ALL_LOF_HC_LOFTEE_and_CADD_20_VEP	0.01	3	meta_GNE_AMP_NIH_noRelateds_UKB_EXOM_PD_CASE_CONTROL_2021
 
