COHORT: GNE_AMP_NIH_UKB_CASE_CONTROL_META; VARIANT GROUP: ALL_MISSENSE_SNPEFF; MAF: 0.001; NUMVAR >= 1
GENE	TEST_STAT_WEIGHTEDZ	META_PVAL	UKB_CASES_BETA	UKB_CASES_SE	UKB_CASES_PVAL	AMP_NIH_BETA	AMP_NIH_SE	AMP_NIH_PVAL	GNE_BETA	GNE_SE	GNE_PVAL	UKB_CASE_NUMVAR	AMP_NIH_NUMVAR	GNE_NUMVAR	TEST	VARIANT_GROUP	MAF	MIN_NUMVAR	NTOTAL	META_ANALYSIS_GROUP
GBA	4.8620780357328375	1.1615980895924567e-06	1.05079	0.287591	0.000258426	0.87011	0.352526	0.013579	1.08402952257042	0.471443072375037	0.0214830395852572	30.0	15.0	16.0	CMCWald	ALL_MISSENSE_SNPEFF	0.001	1	26434	meta_GNE_AMP_NIH_noRelateds_UKB_EXOM_PD_CASE_CONTROL_2021
DSEL	4.531373245569185	5.860149481621163e-06	0.714092	0.223904	0.00142626	0.669373	0.267761	0.0124232	0.411615758897442	0.190615684119216	0.030819045993025	61.0	22.0	77.0	CMCWald	ALL_MISSENSE_SNPEFF	0.001	1	26434	meta_GNE_AMP_NIH_noRelateds_UKB_EXOM_PD_CASE_CONTROL_2021
DLEU7	4.076731036859296	4.567327223861598e-05	1.16724	0.427891	0.00637429	1.01878	0.394413	0.00979373	0.704243864496001	0.402382331691961	0.080086249114731	12.0	6.0	13.0	CMCWald	ALL_MISSENSE_SNPEFF	0.001	1	26434	meta_GNE_AMP_NIH_noRelateds_UKB_EXOM_PD_CASE_CONTROL_2021
DLEU7-AS1	3.755387144317494	0.0001730737367217323	1.16724	0.427891	0.00637429	1.01878	0.394413	0.00979373	NA	NA	NA	12.0	6.0	NA	CMCWald	ALL_MISSENSE_SNPEFF	0.001	1	26434	meta_GNE_AMP_NIH_noRelateds_UKB_EXOM_PD_CASE_CONTROL_2021
PSG7	3.7318384702863043	0.0001900873822909939	0.642024	0.238358	0.00706998	0.656094	0.240531	0.00637805	0.174447643123349	0.167333360225358	0.297172683720856	48.0	22.0	85.0	CMCWald	ALL_MISSENSE_SNPEFF	0.001	1	26434	meta_GNE_AMP_NIH_noRelateds_UKB_EXOM_PD_CASE_CONTROL_2021
NOCT	3.654097414783522	0.00025808827245031325	0.650221	0.375183	0.0830815	0.511152	0.292447	0.0804903	1.01933026498216	0.357890733011607	0.0043972735851805	15.0	8.0	25.0	CMCWald	ALL_MISSENSE_SNPEFF	0.001	1	26434	meta_GNE_AMP_NIH_noRelateds_UKB_EXOM_PD_CASE_CONTROL_2021
ELN	3.636731619078935	0.0002761193598130274	0.573403	0.241758	0.0177015	0.353409	0.206784	0.0874368	0.41552404157689	0.187331209623415	0.0265463098548336	49.0	29.0	73.0	CMCWald	ALL_MISSENSE_SNPEFF	0.001	1	26434	meta_GNE_AMP_NIH_noRelateds_UKB_EXOM_PD_CASE_CONTROL_2021
TAAR6	3.5981346257469387	0.0003205077134555873	0.640616	0.355119	0.0712393	0.708631	0.301031	0.0185719	0.553783734809898	0.2669877948231	0.0380615570903069	25.0	13.0	39.0	CMCWald	ALL_MISSENSE_SNPEFF	0.001	1	26434	meta_GNE_AMP_NIH_noRelateds_UKB_EXOM_PD_CASE_CONTROL_2021
NOP53	3.5936567949327847	0.0003260692790467861	0.560229	0.216617	0.00970228	0.554177	0.222032	0.0125628	NA	NA	NA	47.0	28.0	NA	CMCWald	ALL_MISSENSE_SNPEFF	0.001	1	26434	meta_GNE_AMP_NIH_noRelateds_UKB_EXOM_PD_CASE_CONTROL_2021
KIF9	3.590202696172603	0.00033042091461357796	1.12026	0.225877	7.06372e-07	0.16534	0.236676	0.484807	0.103496311210861	0.184742460733185	0.575329793399795	48.0	25.0	82.0	CMCWald	ALL_MISSENSE_SNPEFF	0.001	1	26434	meta_GNE_AMP_NIH_noRelateds_UKB_EXOM_PD_CASE_CONTROL_2021
EP400	3.5676404832960804	0.0003602102665904804	0.402131	0.151657	0.00801166	0.294191	0.157767	0.062221	0.179807774171594	0.108120312654507	0.0963055962457143	175.0	62.0	295.0	CMCWald	ALL_MISSENSE_SNPEFF	0.001	1	26434	meta_GNE_AMP_NIH_noRelateds_UKB_EXOM_PD_CASE_CONTROL_2021
STK38L	3.481358259545062	0.000498877738749127	0.967559	0.715213	0.176111	1.22117	1.33842	0.36156	2.70889872077252	0.719558784846649	0.0001667716361832	8.0	2.0	11.0	CMCWald	ALL_MISSENSE_SNPEFF	0.001	1	26434	meta_GNE_AMP_NIH_noRelateds_UKB_EXOM_PD_CASE_CONTROL_2021
MAP3K6	-3.4545037212075353	0.0005513066079907805	-0.647674	0.334835	0.0530755	-0.444609	0.22748	0.0506422	-0.399353921030006	0.19066144643948	0.0362091526394876	73.0	36.0	111.0	CMCWald	ALL_MISSENSE_SNPEFF	0.001	1	26434	meta_GNE_AMP_NIH_noRelateds_UKB_EXOM_PD_CASE_CONTROL_2021
BOLA1	3.4134482624362805	0.0006414633689398719	0.81634	0.599464	0.173267	0.826028	0.617221	0.180798	1.09138563558828	0.339764698226677	0.0013173145056984	8.0	3.0	15.0	CMCWald	ALL_MISSENSE_SNPEFF	0.001	1	26434	meta_GNE_AMP_NIH_noRelateds_UKB_EXOM_PD_CASE_CONTROL_2021
KCNK4	3.392344778767271	0.0006929718256154755	0.594257	0.328435	0.0703953	0.783966	0.309685	0.0113577	0.318105543441069	0.207253910048425	0.124818449512028	28.0	14.0	45.0	CMCWald	ALL_MISSENSE_SNPEFF	0.001	1	26434	meta_GNE_AMP_NIH_noRelateds_UKB_EXOM_PD_CASE_CONTROL_2021
ERCC8	-3.366541822682782	0.0007611703912596376	-1.89862	1.01654	0.0617995	-0.759655	0.408722	0.0630826	-0.637386503764496	0.302842015900976	0.0353188936519581	24.0	9.0	34.0	CMCWald	ALL_MISSENSE_SNPEFF	0.001	1	26434	meta_GNE_AMP_NIH_noRelateds_UKB_EXOM_PD_CASE_CONTROL_2021
NPBWR1	3.304275050143399	0.0009522235949644469	1.09368	0.352272	0.00190503	0.669144	0.514287	0.193221	0.438738561883952	0.333029685022443	0.187699294744022	22.0	4.0	29.0	CMCWald	ALL_MISSENSE_SNPEFF	0.001	1	26434	meta_GNE_AMP_NIH_noRelateds_UKB_EXOM_PD_CASE_CONTROL_2021
FAM186B	3.2965918153750455	0.000978656205345205	0.0933071	0.270303	0.729948	0.453466	0.209124	0.0301275	0.596224209227076	0.18653791903586	0.0013922024979948	48.0	29.0	81.0	CMCWald	ALL_MISSENSE_SNPEFF	0.001	1	26434	meta_GNE_AMP_NIH_noRelateds_UKB_EXOM_PD_CASE_CONTROL_2021
IGSF9	3.2925731151903146	0.0009927508126045296	0.273371	0.219494	0.212962	0.487977	0.207917	0.0189265	0.342517226914946	0.162294741673255	0.0348183997385051	73.0	28.0	107.0	CMCWald	ALL_MISSENSE_SNPEFF	0.001	1	26434	meta_GNE_AMP_NIH_noRelateds_UKB_EXOM_PD_CASE_CONTROL_2021
C11orf63	3.2735006100423565	0.0010622416134898967	NA	NA	NA	NA	NA	NA	0.649373717273799	0.1983728719285	0.0010622416134898	NA	NA	68.0	CMCWald	ALL_MISSENSE_SNPEFF	0.001	1	26434	meta_GNE_AMP_NIH_noRelateds_UKB_EXOM_PD_CASE_CONTROL_2021
ABCC9	3.2678795766478825	0.0010835645937077192	0.598442	0.279438	0.0322263	0.349251	0.308306	0.257296	0.556255316174922	0.233158812734672	0.0170449934197614	43.0	12.0	58.0	CMCWald	ALL_MISSENSE_SNPEFF	0.001	1	26434	meta_GNE_AMP_NIH_noRelateds_UKB_EXOM_PD_CASE_CONTROL_2021
DCAF1	-3.2610951303661375	0.001109827992446823	-1.09352	0.734116	0.136336	-0.237847	0.475298	0.616782	-1.43621248613671	0.392580258993009	0.0002538026319691	25.0	10.0	66.0	CMCWald	ALL_MISSENSE_SNPEFF	0.001	1	26434	meta_GNE_AMP_NIH_noRelateds_UKB_EXOM_PD_CASE_CONTROL_2021
MXD1	3.254543592080479	0.001135747282959362	0.936818	0.500806	0.0613978	1.24385	0.548573	0.023364	0.56224670286724	0.37508471835088	0.133877290837067	11.0	8.0	16.0	CMCWald	ALL_MISSENSE_SNPEFF	0.001	1	26434	meta_GNE_AMP_NIH_noRelateds_UKB_EXOM_PD_CASE_CONTROL_2021
DPYSL4	3.2535371525130583	0.0011397781999079877	0.44199	0.253752	0.0815406	0.732753	0.300019	0.0145918	0.380798798775031	0.262417609407676	0.146747130032951	55.0	18.0	55.0	CMCWald	ALL_MISSENSE_SNPEFF	0.001	1	26434	meta_GNE_AMP_NIH_noRelateds_UKB_EXOM_PD_CASE_CONTROL_2021
 
COHORT: GNE_AMP_NIH_UKB_CASE_CONTROL_META; VARIANT GROUP: ALL_MISSENSE_SNPEFF; MAF: 0.01; NUMVAR >= 1
GENE	TEST_STAT_WEIGHTEDZ	META_PVAL	UKB_CASES_BETA	UKB_CASES_SE	UKB_CASES_PVAL	AMP_NIH_BETA	AMP_NIH_SE	AMP_NIH_PVAL	GNE_BETA	GNE_SE	GNE_PVAL	UKB_CASE_NUMVAR	AMP_NIH_NUMVAR	GNE_NUMVAR	TEST	VARIANT_GROUP	MAF	MIN_NUMVAR	NTOTAL	META_ANALYSIS_GROUP
GBA	7.660677562687037	1.8495467933202264e-14	0.612334	0.169851	0.000312011	0.567902	0.129786	1.21058e-05	0.690006718764457	0.130488388603738	1.23743257136136e-07	32.0	17.0	18.0	CMCWald	ALL_MISSENSE_SNPEFF	0.01	1	26434	meta_GNE_AMP_NIH_noRelateds_UKB_EXOM_PD_CASE_CONTROL_2021
LSR	4.212103283192934	2.530038057742489e-05	0.495307	0.167506	0.00310709	0.373314	0.190697	0.050274	0.288528324303496	0.121179626371041	0.0172658535488151	44.0	25.0	72.0	CMCWald	ALL_MISSENSE_SNPEFF	0.01	1	26434	meta_GNE_AMP_NIH_noRelateds_UKB_EXOM_PD_CASE_CONTROL_2021
EEA1	4.197900355406154	2.6940111425038524e-05	0.587934	0.125504	2.80507e-06	0.0578216	0.112084	0.605938	0.262995525418615	0.127019342380937	0.0384040900142764	50.0	27.0	84.0	CMCWald	ALL_MISSENSE_SNPEFF	0.01	1	26434	meta_GNE_AMP_NIH_noRelateds_UKB_EXOM_PD_CASE_CONTROL_2021
DLEU7	4.076731036859296	4.567327223861598e-05	1.16724	0.427891	0.00637429	1.01878	0.394413	0.00979373	0.704243864496001	0.402382331691961	0.080086249114731	12.0	6.0	13.0	CMCWald	ALL_MISSENSE_SNPEFF	0.01	1	26434	meta_GNE_AMP_NIH_noRelateds_UKB_EXOM_PD_CASE_CONTROL_2021
RNF114	4.048936792968684	5.1450836719141296e-05	0.520745	0.262857	0.0475803	0.268103	0.194885	0.168915	0.759777852904681	0.207807061135968	0.0002560120421331	14.0	9.0	23.0	CMCWald	ALL_MISSENSE_SNPEFF	0.01	1	26434	meta_GNE_AMP_NIH_noRelateds_UKB_EXOM_PD_CASE_CONTROL_2021
DLEU7-AS1	3.755387144317494	0.0001730737367217323	1.16724	0.427891	0.00637429	1.01878	0.394413	0.00979373	NA	NA	NA	12.0	6.0	NA	CMCWald	ALL_MISSENSE_SNPEFF	0.01	1	26434	meta_GNE_AMP_NIH_noRelateds_UKB_EXOM_PD_CASE_CONTROL_2021
NUP210	3.7524399517353477	0.000175121786989321	0.258292	0.114357	0.0239062	0.165424	0.0915671	0.0708268	0.219716494616765	0.0902629415717801	0.0149254576408459	119.0	59.0	199.0	CMCWald	ALL_MISSENSE_SNPEFF	0.01	1	26434	meta_GNE_AMP_NIH_noRelateds_UKB_EXOM_PD_CASE_CONTROL_2021
SNX27	-3.707816647192864	0.00020905392901848137	-0.663681	0.320124	0.0381537	-0.709633	0.2337	0.00239329	-0.259751512279004	0.197918816920198	0.189380339023877	26.0	9.0	26.0	CMCWald	ALL_MISSENSE_SNPEFF	0.01	1	26434	meta_GNE_AMP_NIH_noRelateds_UKB_EXOM_PD_CASE_CONTROL_2021
LRRK2	3.585262395091772	0.00033673946534124114	0.170502	0.138813	0.219341	0.33171	0.109715	0.0024996	0.196976010815823	0.100590737203525	0.0502074479199019	120.0	56.0	179.0	CMCWald	ALL_MISSENSE_SNPEFF	0.01	1	26434	meta_GNE_AMP_NIH_noRelateds_UKB_EXOM_PD_CASE_CONTROL_2021
HSPA1L	-3.5594736244059915	0.00037159884963527257	-0.827614	0.370956	0.0256791	-0.422277	0.188026	0.0247139	-0.477180968079505	0.28263733488458	0.0913506985527003	29.0	15.0	45.0	CMCWald	ALL_MISSENSE_SNPEFF	0.01	1	26434	meta_GNE_AMP_NIH_noRelateds_UKB_EXOM_PD_CASE_CONTROL_2021
RP11-548K23.11	3.5159999845321317	0.0004381010097339117	NA	NA	NA	NA	NA	NA	0.679035576719547	0.193127297982598	0.0004381010097339	NA	NA	29.0	CMCWald	ALL_MISSENSE_SNPEFF	0.01	1	26434	meta_GNE_AMP_NIH_noRelateds_UKB_EXOM_PD_CASE_CONTROL_2021
STK38L	3.481358259545062	0.000498877738749127	0.967559	0.715213	0.176111	1.22117	1.33842	0.36156	2.70889872077252	0.719558784846649	0.0001667716361832	8.0	2.0	11.0	CMCWald	ALL_MISSENSE_SNPEFF	0.01	1	26434	meta_GNE_AMP_NIH_noRelateds_UKB_EXOM_PD_CASE_CONTROL_2021
DSEL	3.445618892244423	0.0005697532710257144	0.362252	0.173074	0.0363449	0.309355	0.166203	0.0627001	0.263784374262134	0.130999301082774	0.044048192483626	64.0	25.0	80.0	CMCWald	ALL_MISSENSE_SNPEFF	0.01	1	26434	meta_GNE_AMP_NIH_noRelateds_UKB_EXOM_PD_CASE_CONTROL_2021
GCNT2	-3.419933399018605	0.0006263646878780049	-0.377055	0.17511	0.0312992	-0.263144	0.146714	0.0728801	-0.275616948302463	0.139435189405087	0.0480792745810491	61.0	29.0	117.0	CMCWald	ALL_MISSENSE_SNPEFF	0.01	1	26434	meta_GNE_AMP_NIH_noRelateds_UKB_EXOM_PD_CASE_CONTROL_2021
NIPA2	3.418064038926297	0.0006306826585424768	0.886822	0.319285	0.00547746	0.543608	0.35878	0.129733	0.452489187983374	0.278013676979222	0.103614211177783	16.0	5.0	23.0	CMCWald	ALL_MISSENSE_SNPEFF	0.01	1	26434	meta_GNE_AMP_NIH_noRelateds_UKB_EXOM_PD_CASE_CONTROL_2021
UMODL1	-3.390371167047166	0.0006979805256392217	-0.160542	0.122394	0.189626	-0.235628	0.0976252	0.0157957	-0.214663105618905	0.0999821152577038	0.0317920839346485	136.0	68.0	180.0	CMCWald	ALL_MISSENSE_SNPEFF	0.01	1	26434	meta_GNE_AMP_NIH_noRelateds_UKB_EXOM_PD_CASE_CONTROL_2021
CENPF	-3.3482367617037476	0.0008132750039919815	-0.431053	0.143265	0.00262304	-0.13439	0.0905273	0.137671	-0.120126958394219	0.0919800722180176	0.191548919272409	136.0	75.0	251.0	CMCWald	ALL_MISSENSE_SNPEFF	0.01	1	26434	meta_GNE_AMP_NIH_noRelateds_UKB_EXOM_PD_CASE_CONTROL_2021
GPLD1	-3.337437902931062	0.0008455461367399985	-0.339664	0.221861	0.125776	-0.271283	0.134853	0.0442526	-0.337239454104573	0.150691829841854	0.0252248900122233	53.0	30.0	90.0	CMCWald	ALL_MISSENSE_SNPEFF	0.01	1	26434	meta_GNE_AMP_NIH_noRelateds_UKB_EXOM_PD_CASE_CONTROL_2021
C11orf54	3.3128106188251887	0.0009236349885956814	0.930443	0.434181	0.0321145	0.890784	0.600112	0.137712	0.707871487282519	0.335387277445568	0.0348059126708307	18.0	2.0	25.0	CMCWald	ALL_MISSENSE_SNPEFF	0.01	1	26434	meta_GNE_AMP_NIH_noRelateds_UKB_EXOM_PD_CASE_CONTROL_2021
ABCC9	3.2678795766478825	0.0010835645937077192	0.598442	0.279438	0.0322263	0.349251	0.308306	0.257296	0.556255316174922	0.233158812734672	0.0170449934197614	43.0	12.0	58.0	CMCWald	ALL_MISSENSE_SNPEFF	0.01	1	26434	meta_GNE_AMP_NIH_noRelateds_UKB_EXOM_PD_CASE_CONTROL_2021
DCAF1	-3.2610951303661375	0.001109827992446823	-1.09352	0.734116	0.136336	-0.237847	0.475298	0.616782	-1.43621248613671	0.392580258993009	0.0002538026319691	25.0	10.0	66.0	CMCWald	ALL_MISSENSE_SNPEFF	0.01	1	26434	meta_GNE_AMP_NIH_noRelateds_UKB_EXOM_PD_CASE_CONTROL_2021
DLL4	3.2300209109487197	0.0012378116442777472	0.403597	0.289197	0.162842	0.333736	0.26776	0.212619	0.596378696807019	0.201985449607249	0.003151278857534	34.0	12.0	48.0	CMCWald	ALL_MISSENSE_SNPEFF	0.01	1	26434	meta_GNE_AMP_NIH_noRelateds_UKB_EXOM_PD_CASE_CONTROL_2021
SLC39A7	-3.2253882789596817	0.0012580192497634922	-0.49998	0.337066	0.137987	-0.269549	0.200372	0.178547	-1.25512290149723	0.455090410697377	0.0058162629487339	27.0	8.0	35.0	CMCWald	ALL_MISSENSE_SNPEFF	0.01	1	26434	meta_GNE_AMP_NIH_noRelateds_UKB_EXOM_PD_CASE_CONTROL_2021
PSG7	3.2225153359460723	0.0012707036317675202	0.642024	0.238358	0.00706998	0.656094	0.240531	0.00637805	0.0216234192195972	0.13485804205378	0.872611611146686	48.0	22.0	89.0	CMCWald	ALL_MISSENSE_SNPEFF	0.01	1	26434	meta_GNE_AMP_NIH_noRelateds_UKB_EXOM_PD_CASE_CONTROL_2021
 
COHORT: GNE_AMP_NIH_UKB_CASE_CONTROL_META; VARIANT GROUP: ALL_LOF_HC_LOFTEE; MAF: 0.001; NUMVAR >= 1
GENE	TEST_STAT_WEIGHTEDZ	META_PVAL	UKB_CASES_BETA	UKB_CASES_SE	UKB_CASES_PVAL	AMP_NIH_BETA	AMP_NIH_SE	AMP_NIH_PVAL	GNE_BETA	GNE_SE	GNE_PVAL	UKB_CASE_NUMVAR	AMP_NIH_NUMVAR	GNE_NUMVAR	TEST	VARIANT_GROUP	MAF	MIN_NUMVAR	NTOTAL	META_ANALYSIS_GROUP
CAPN10	3.950081071321536	7.812472660793461e-05	3.37192	1.10577	0.00229306	NA	NA	NA	2.09947867433774	0.827585633303507	0.0111847897236652	4.0	NA	6.0	CMCWald	ALL_LOF_HC_LOFTEE	0.001	1	26434	meta_GNE_AMP_NIH_noRelateds_UKB_EXOM_PD_CASE_CONTROL_2021
ANGEL2	3.4159081523932353	0.0006356968442059248	1.32646	0.592432	0.0251551	NA	NA	NA	1.38373707704974	0.533887159501172	0.0095470924663894	2.0	NA	2.0	CMCWald	ALL_LOF_HC_LOFTEE	0.001	1	26434	meta_GNE_AMP_NIH_noRelateds_UKB_EXOM_PD_CASE_CONTROL_2021
RP11-400G3.5	3.1128996324130664	0.001852590086223532	NA	NA	NA	NA	NA	NA	1.43633195258633	0.461412869734226	0.0018525900862235	NA	NA	10.0	CMCWald	ALL_LOF_HC_LOFTEE	0.001	1	26434	meta_GNE_AMP_NIH_noRelateds_UKB_EXOM_PD_CASE_CONTROL_2021
SLC17A1	-3.042402310276703	0.002346979837439067	NA	NA	NA	NA	NA	NA	-1.69759772015894	0.557979368614319	0.002346979837439	NA	NA	12.0	CMCWald	ALL_LOF_HC_LOFTEE	0.001	1	26434	meta_GNE_AMP_NIH_noRelateds_UKB_EXOM_PD_CASE_CONTROL_2021
ZNF587B	3.0318646066294477	0.002430481939366744	NA	NA	NA	NA	NA	NA	2.31028989661085	0.762002990357548	0.0024304819393667	NA	NA	7.0	CMCWald	ALL_LOF_HC_LOFTEE	0.001	1	26434	meta_GNE_AMP_NIH_noRelateds_UKB_EXOM_PD_CASE_CONTROL_2021
SPINK4	2.9538173935838454	0.003138696669075228	NA	NA	NA	NA	NA	NA	0.749688767082974	0.253803355857886	0.0031386966690752	NA	NA	2.0	CMCWald	ALL_LOF_HC_LOFTEE	0.001	1	26434	meta_GNE_AMP_NIH_noRelateds_UKB_EXOM_PD_CASE_CONTROL_2021
LY6K	2.9354628482829033	0.0033305049089437312	NA	NA	NA	NA	NA	NA	2.69839708249393	0.919240754170115	0.0033305049089437	NA	NA	4.0	CMCWald	ALL_LOF_HC_LOFTEE	0.001	1	26434	meta_GNE_AMP_NIH_noRelateds_UKB_EXOM_PD_CASE_CONTROL_2021
ULK4	2.846168090606124	0.004424883080163867	1.71504	0.524055	0.00106552	0.86702	1.67908	0.605598	0.242552046574523	0.212632890028757	0.253991440943902	12.0	1.0	17.0	CMCWald	ALL_LOF_HC_LOFTEE	0.001	1	26434	meta_GNE_AMP_NIH_noRelateds_UKB_EXOM_PD_CASE_CONTROL_2021
KIN	2.806766914058083	0.005004143607014746	NA	NA	NA	NA	NA	NA	1.35245640322359	0.481855617026702	0.0050041436070147	NA	NA	8.0	CMCWald	ALL_LOF_HC_LOFTEE	0.001	1	26434	meta_GNE_AMP_NIH_noRelateds_UKB_EXOM_PD_CASE_CONTROL_2021
ANKDD1A	2.7777023811908306	0.005474473615392054	1.92457	0.821911	0.0192026	NA	NA	NA	1.16744561844316	0.73577663689752	0.112584046760054	4.0	NA	8.0	CMCWald	ALL_LOF_HC_LOFTEE	0.001	1	26434	meta_GNE_AMP_NIH_noRelateds_UKB_EXOM_PD_CASE_CONTROL_2021
OXLD1	2.712553994504623	0.00667669030314944	NA	NA	NA	NA	NA	NA	1.44368342065345	0.532222924807475	0.0066766903031494	NA	NA	2.0	CMCWald	ALL_LOF_HC_LOFTEE	0.001	1	26434	meta_GNE_AMP_NIH_noRelateds_UKB_EXOM_PD_CASE_CONTROL_2021
ANKRD35	2.691370037296749	0.007115921765606934	NA	NA	NA	0.622617	0.525273	0.23589	0.787903283802311	0.300628770593821	0.0087710527736246	NA	3.0	11.0	CMCWald	ALL_LOF_HC_LOFTEE	0.001	1	26434	meta_GNE_AMP_NIH_noRelateds_UKB_EXOM_PD_CASE_CONTROL_2021
FER1L5	2.6816216155770527	0.00732662781441824	NA	NA	NA	NA	NA	NA	1.21105382472761	0.451612493609396	0.0073266278144184	NA	NA	16.0	CMCWald	ALL_LOF_HC_LOFTEE	0.001	1	26434	meta_GNE_AMP_NIH_noRelateds_UKB_EXOM_PD_CASE_CONTROL_2021
ALMS1	2.667533882028216	0.007641018426414943	0.748115	0.39877	0.0606473	NA	NA	NA	0.699224279610696	0.368710180327495	0.0579063499404486	19.0	NA	22.0	CMCWald	ALL_LOF_HC_LOFTEE	0.001	1	26434	meta_GNE_AMP_NIH_noRelateds_UKB_EXOM_PD_CASE_CONTROL_2021
TRAPPC3L	2.6648806721576417	0.007701564539519898	1.24069	1.22787	0.312286	0.48783	0.927199	0.598795	1.93465590208608	0.628311518023376	0.0020760267795094	2.0	3.0	4.0	CMCWald	ALL_LOF_HC_LOFTEE	0.001	1	26434	meta_GNE_AMP_NIH_noRelateds_UKB_EXOM_PD_CASE_CONTROL_2021
PRMT2	2.6617244320344113	0.007774149496645693	NA	NA	NA	NA	NA	NA	2.12671154898114	0.798997643552323	0.0077741494966456	NA	NA	5.0	CMCWald	ALL_LOF_HC_LOFTEE	0.001	1	26434	meta_GNE_AMP_NIH_noRelateds_UKB_EXOM_PD_CASE_CONTROL_2021
ASPDH	2.650703451132342	0.008032433335630937	NA	NA	NA	NA	NA	NA	2.262857876112	0.853682019822074	0.008032433335631	NA	NA	5.0	CMCWald	ALL_LOF_HC_LOFTEE	0.001	1	26434	meta_GNE_AMP_NIH_noRelateds_UKB_EXOM_PD_CASE_CONTROL_2021
CYP2C18	2.636884802061022	0.008367124079129332	NA	NA	NA	NA	NA	NA	1.26139998932976	0.47836749953727	0.0083671240791291	NA	NA	7.0	CMCWald	ALL_LOF_HC_LOFTEE	0.001	1	26434	meta_GNE_AMP_NIH_noRelateds_UKB_EXOM_PD_CASE_CONTROL_2021
VPS13A	2.6205576990829353	0.008778607343774279	1.54204	0.524342	0.00327248	NA	NA	NA	0.291768139799279	0.381334820329159	0.4441981521126	14.0	NA	28.0	CMCWald	ALL_LOF_HC_LOFTEE	0.001	1	26434	meta_GNE_AMP_NIH_noRelateds_UKB_EXOM_PD_CASE_CONTROL_2021
AQP6	2.6129159250390837	0.008977338346068854	NA	NA	NA	NA	NA	NA	0.551258671660413	0.210974515627466	0.008977338346069	NA	NA	3.0	CMCWald	ALL_LOF_HC_LOFTEE	0.001	1	26434	meta_GNE_AMP_NIH_noRelateds_UKB_EXOM_PD_CASE_CONTROL_2021
B3GNT3	2.603027855657202	0.009240444555295749	10.5971	60.4312	0.860798	NA	NA	NA	3.74312143465989	1.06766982470067	0.0004551017125469	1.0	NA	3.0	CMCWald	ALL_LOF_HC_LOFTEE	0.001	1	26434	meta_GNE_AMP_NIH_noRelateds_UKB_EXOM_PD_CASE_CONTROL_2021
CTTNBP2	2.57595914603991	0.009996245649762748	2.64037	1.22823	0.0315758	NA	NA	NA	1.03960976612496	0.696219830301805	0.135379461498745	3.0	NA	8.0	CMCWald	ALL_LOF_HC_LOFTEE	0.001	1	26434	meta_GNE_AMP_NIH_noRelateds_UKB_EXOM_PD_CASE_CONTROL_2021
TKTL2	2.5628049829612953	0.010383035107430733	NA	NA	NA	NA	NA	NA	0.655614098914508	0.255818957460022	0.0103830351074306	NA	NA	9.0	CMCWald	ALL_LOF_HC_LOFTEE	0.001	1	26434	meta_GNE_AMP_NIH_noRelateds_UKB_EXOM_PD_CASE_CONTROL_2021
OGFOD1	2.5592811793372285	0.010488886584507048	NA	NA	NA	NA	NA	NA	2.47036041100153	0.965255569003666	0.010488886584507	NA	NA	5.0	CMCWald	ALL_LOF_HC_LOFTEE	0.001	1	26434	meta_GNE_AMP_NIH_noRelateds_UKB_EXOM_PD_CASE_CONTROL_2021
 
COHORT: GNE_AMP_NIH_UKB_CASE_CONTROL_META; VARIANT GROUP: ALL_LOF_HC_LOFTEE; MAF: 0.01; NUMVAR >= 1
GENE	TEST_STAT_WEIGHTEDZ	META_PVAL	UKB_CASES_BETA	UKB_CASES_SE	UKB_CASES_PVAL	AMP_NIH_BETA	AMP_NIH_SE	AMP_NIH_PVAL	GNE_BETA	GNE_SE	GNE_PVAL	UKB_CASE_NUMVAR	AMP_NIH_NUMVAR	GNE_NUMVAR	TEST	VARIANT_GROUP	MAF	MIN_NUMVAR	NTOTAL	META_ANALYSIS_GROUP
CAPN10	3.950081071321536	7.812472660793461e-05	3.37192	1.10577	0.00229306	NA	NA	NA	2.09947867433774	0.827585633303507	0.0111847897236652	4.0	NA	6.0	CMCWald	ALL_LOF_HC_LOFTEE	0.01	1	26434	meta_GNE_AMP_NIH_noRelateds_UKB_EXOM_PD_CASE_CONTROL_2021
OXLD1	3.7768015695325143	0.00015885518989119848	1.34574	0.511951	0.00857267	NA	NA	NA	1.44368342065345	0.532222924807475	0.0066766903031494	1.0	NA	2.0	CMCWald	ALL_LOF_HC_LOFTEE	0.01	1	26434	meta_GNE_AMP_NIH_noRelateds_UKB_EXOM_PD_CASE_CONTROL_2021
ANGEL2	3.4159081523932353	0.0006356968442059248	1.32646	0.592432	0.0251551	NA	NA	NA	1.38373707704974	0.533887159501172	0.0095470924663894	2.0	NA	2.0	CMCWald	ALL_LOF_HC_LOFTEE	0.01	1	26434	meta_GNE_AMP_NIH_noRelateds_UKB_EXOM_PD_CASE_CONTROL_2021
RP11-400G3.5	3.1128996324130664	0.001852590086223532	NA	NA	NA	NA	NA	NA	1.43633195258633	0.461412869734226	0.0018525900862235	NA	NA	10.0	CMCWald	ALL_LOF_HC_LOFTEE	0.01	1	26434	meta_GNE_AMP_NIH_noRelateds_UKB_EXOM_PD_CASE_CONTROL_2021
PHKB	-3.0902445441321578	0.001999917588901715	-1.23742	0.731361	0.0906565	-0.902617	0.435521	0.038219	-0.552281175440779	0.347779796438713	0.112281879679084	16.0	5.0	14.0	CMCWald	ALL_LOF_HC_LOFTEE	0.01	1	26434	meta_GNE_AMP_NIH_noRelateds_UKB_EXOM_PD_CASE_CONTROL_2021
SLC17A1	-3.042402310276703	0.002346979837439067	NA	NA	NA	NA	NA	NA	-1.69759772015894	0.557979368614319	0.002346979837439	NA	NA	12.0	CMCWald	ALL_LOF_HC_LOFTEE	0.01	1	26434	meta_GNE_AMP_NIH_noRelateds_UKB_EXOM_PD_CASE_CONTROL_2021
ZNF587B	3.0318646066294477	0.002430481939366744	NA	NA	NA	NA	NA	NA	2.31028989661085	0.762002990357548	0.0024304819393667	NA	NA	7.0	CMCWald	ALL_LOF_HC_LOFTEE	0.01	1	26434	meta_GNE_AMP_NIH_noRelateds_UKB_EXOM_PD_CASE_CONTROL_2021
SPINK4	2.9538173935838454	0.003138696669075228	NA	NA	NA	NA	NA	NA	0.749688767082974	0.253803355857886	0.0031386966690752	NA	NA	2.0	CMCWald	ALL_LOF_HC_LOFTEE	0.01	1	26434	meta_GNE_AMP_NIH_noRelateds_UKB_EXOM_PD_CASE_CONTROL_2021
LY6K	2.9354628482829033	0.0033305049089437312	NA	NA	NA	NA	NA	NA	2.69839708249393	0.919240754170115	0.0033305049089437	NA	NA	4.0	CMCWald	ALL_LOF_HC_LOFTEE	0.01	1	26434	meta_GNE_AMP_NIH_noRelateds_UKB_EXOM_PD_CASE_CONTROL_2021
SOAT2	2.906872240201999	0.0036506226415195507	0.647054	0.32986	0.0498089	0.481852	0.618279	0.435777	0.709482890173676	0.309290499961594	0.0217959810802337	6.0	1.0	8.0	CMCWald	ALL_LOF_HC_LOFTEE	0.01	1	26434	meta_GNE_AMP_NIH_noRelateds_UKB_EXOM_PD_CASE_CONTROL_2021
PVRIG	2.9057549112057903	0.0036636829275622372	NA	NA	NA	0.972015	0.431139	0.0241631	2.97869391035038	1.60591218564744	0.0636205233675062	NA	1.0	2.0	CMCWald	ALL_LOF_HC_LOFTEE	0.01	1	26434	meta_GNE_AMP_NIH_noRelateds_UKB_EXOM_PD_CASE_CONTROL_2021
HAGH	2.833404661999252	0.004605504364298879	0.924631	0.303794	0.00233755	0.554097	0.248642	0.0258478	-0.0873110129311548	0.239533671593027	0.715481589201056	2.0	1.0	3.0	CMCWald	ALL_LOF_HC_LOFTEE	0.01	1	26434	meta_GNE_AMP_NIH_noRelateds_UKB_EXOM_PD_CASE_CONTROL_2021
KIN	2.806766914058083	0.005004143607014746	NA	NA	NA	NA	NA	NA	1.35245640322359	0.481855617026702	0.0050041436070147	NA	NA	8.0	CMCWald	ALL_LOF_HC_LOFTEE	0.01	1	26434	meta_GNE_AMP_NIH_noRelateds_UKB_EXOM_PD_CASE_CONTROL_2021
ANKDD1A	2.7777023811908306	0.005474473615392054	1.92457	0.821911	0.0192026	NA	NA	NA	1.16744561844316	0.73577663689752	0.112584046760054	4.0	NA	8.0	CMCWald	ALL_LOF_HC_LOFTEE	0.01	1	26434	meta_GNE_AMP_NIH_noRelateds_UKB_EXOM_PD_CASE_CONTROL_2021
ANKRD35	2.691370037296749	0.007115921765606934	NA	NA	NA	0.622617	0.525273	0.23589	0.787903283802311	0.300628770593821	0.0087710527736246	NA	3.0	11.0	CMCWald	ALL_LOF_HC_LOFTEE	0.01	1	26434	meta_GNE_AMP_NIH_noRelateds_UKB_EXOM_PD_CASE_CONTROL_2021
SH2D4A	2.6851183573558424	0.0072504125732739755	0.448841	0.407678	0.270909	0.801479	0.459928	0.0813999	0.560248068493273	0.310013417219882	0.0707352131938215	4.0	2.0	11.0	CMCWald	ALL_LOF_HC_LOFTEE	0.01	1	26434	meta_GNE_AMP_NIH_noRelateds_UKB_EXOM_PD_CASE_CONTROL_2021
FER1L5	2.6816216155770527	0.00732662781441824	NA	NA	NA	NA	NA	NA	1.21105382472761	0.451612493609396	0.0073266278144184	NA	NA	16.0	CMCWald	ALL_LOF_HC_LOFTEE	0.01	1	26434	meta_GNE_AMP_NIH_noRelateds_UKB_EXOM_PD_CASE_CONTROL_2021
ALMS1	2.667533882028216	0.007641018426414943	0.748115	0.39877	0.0606473	NA	NA	NA	0.699224279610696	0.368710180327495	0.0579063499404486	19.0	NA	22.0	CMCWald	ALL_LOF_HC_LOFTEE	0.01	1	26434	meta_GNE_AMP_NIH_noRelateds_UKB_EXOM_PD_CASE_CONTROL_2021
TRAPPC3L	2.6648806721576417	0.007701564539519898	1.24069	1.22787	0.312286	0.48783	0.927199	0.598795	1.93465590208608	0.628311518023376	0.0020760267795094	2.0	3.0	4.0	CMCWald	ALL_LOF_HC_LOFTEE	0.01	1	26434	meta_GNE_AMP_NIH_noRelateds_UKB_EXOM_PD_CASE_CONTROL_2021
PRMT2	2.6617244320344113	0.007774149496645693	NA	NA	NA	NA	NA	NA	2.12671154898114	0.798997643552323	0.0077741494966456	NA	NA	5.0	CMCWald	ALL_LOF_HC_LOFTEE	0.01	1	26434	meta_GNE_AMP_NIH_noRelateds_UKB_EXOM_PD_CASE_CONTROL_2021
ADCK2	2.6543794291765503	0.007945442871003934	0.347137	0.286134	0.225055	0.339467	0.216071	0.116161	0.350634395110526	0.193375291755426	0.0697959441316925	7.0	2.0	10.0	CMCWald	ALL_LOF_HC_LOFTEE	0.01	1	26434	meta_GNE_AMP_NIH_noRelateds_UKB_EXOM_PD_CASE_CONTROL_2021
ASPDH	2.650703451132342	0.008032433335630937	NA	NA	NA	NA	NA	NA	2.262857876112	0.853682019822074	0.008032433335631	NA	NA	5.0	CMCWald	ALL_LOF_HC_LOFTEE	0.01	1	26434	meta_GNE_AMP_NIH_noRelateds_UKB_EXOM_PD_CASE_CONTROL_2021
VPS13A	2.6205576990829353	0.008778607343774279	1.54204	0.524342	0.00327248	NA	NA	NA	0.291768139799279	0.381334820329159	0.4441981521126	14.0	NA	28.0	CMCWald	ALL_LOF_HC_LOFTEE	0.01	1	26434	meta_GNE_AMP_NIH_noRelateds_UKB_EXOM_PD_CASE_CONTROL_2021
AQP6	2.6129159250390837	0.008977338346068854	NA	NA	NA	NA	NA	NA	0.551258671660413	0.210974515627466	0.008977338346069	NA	NA	3.0	CMCWald	ALL_LOF_HC_LOFTEE	0.01	1	26434	meta_GNE_AMP_NIH_noRelateds_UKB_EXOM_PD_CASE_CONTROL_2021
 
COHORT: GNE_AMP_NIH_UKB_CASE_CONTROL_META; VARIANT GROUP: ALL_MODERATE_HIGH_IMPACT_SNPEFF; MAF: 0.001; NUMVAR >= 1
GENE	TEST_STAT_WEIGHTEDZ	META_PVAL	UKB_CASES_BETA	UKB_CASES_SE	UKB_CASES_PVAL	AMP_NIH_BETA	AMP_NIH_SE	AMP_NIH_PVAL	GNE_BETA	GNE_SE	GNE_PVAL	UKB_CASE_NUMVAR	AMP_NIH_NUMVAR	GNE_NUMVAR	TEST	VARIANT_GROUP	MAF	MIN_NUMVAR	NTOTAL	META_ANALYSIS_GROUP
GBA	5.085232104966352	3.6717676215504974e-07	1.18776	0.263712	6.66843e-06	0.87011	0.352526	0.013579	0.769647136492188	0.419275225865795	0.0664078248262314	35.0	15.0	19.0	CMCWald	ALL_MODERATE_HIGH_IMPACT_SNPEFF	0.001	1	26434	meta_GNE_AMP_NIH_noRelateds_UKB_EXOM_PD_CASE_CONTROL_2021
DSEL	4.443035536942159	8.869850882702234e-06	0.688363	0.223059	0.00202863	0.669373	0.267761	0.0124232	0.401032076443262	0.190093195512048	0.0348876224806451	63.0	22.0	79.0	CMCWald	ALL_MODERATE_HIGH_IMPACT_SNPEFF	0.001	1	26434	meta_GNE_AMP_NIH_noRelateds_UKB_EXOM_PD_CASE_CONTROL_2021
BOLA1	3.897126499179218	9.734078090354373e-05	1.01812	0.555583	0.0668723	1.00169	0.587393	0.0881355	1.09138563558828	0.339764698226677	0.0013173145056984	9.0	5.0	15.0	CMCWald	ALL_MODERATE_HIGH_IMPACT_SNPEFF	0.001	1	26434	meta_GNE_AMP_NIH_noRelateds_UKB_EXOM_PD_CASE_CONTROL_2021
TAAR6	3.71399574974963	0.00020401222118864495	0.710212	0.342692	0.0382232	0.708631	0.301031	0.0185719	0.532793732632712	0.265551606666569	0.0448172059326547	27.0	13.0	41.0	CMCWald	ALL_MODERATE_HIGH_IMPACT_SNPEFF	0.001	1	26434	meta_GNE_AMP_NIH_noRelateds_UKB_EXOM_PD_CASE_CONTROL_2021
NOP53	3.7096564062867223	0.00020754071322851055	0.588006	0.213796	0.00595379	0.554177	0.222032	0.0125628	NA	NA	NA	49.0	28.0	NA	CMCWald	ALL_MODERATE_HIGH_IMPACT_SNPEFF	0.001	1	26434	meta_GNE_AMP_NIH_noRelateds_UKB_EXOM_PD_CASE_CONTROL_2021
ELN	3.613933591549387	0.0003015863382275386	0.452351	0.233779	0.0529957	0.343713	0.206046	0.0952886	0.46195315067883	0.173900121153146	0.0078973313372441	57.0	30.0	81.0	CMCWald	ALL_MODERATE_HIGH_IMPACT_SNPEFF	0.001	1	26434	meta_GNE_AMP_NIH_noRelateds_UKB_EXOM_PD_CASE_CONTROL_2021
KCNK4	3.556516105778844	0.0003758054510667147	0.642379	0.318684	0.043829	0.783966	0.309685	0.0113577	0.330474219739096	0.204901076906343	0.106777611578367	30.0	14.0	48.0	CMCWald	ALL_MODERATE_HIGH_IMPACT_SNPEFF	0.001	1	26434	meta_GNE_AMP_NIH_noRelateds_UKB_EXOM_PD_CASE_CONTROL_2021
DLEU7-AS1	3.5555681282526033	0.00037716319182312815	1.04158	0.396452	0.00860807	0.911536	0.379636	0.0163467	NA	NA	NA	17.0	7.0	NA	CMCWald	ALL_MODERATE_HIGH_IMPACT_SNPEFF	0.001	1	26434	meta_GNE_AMP_NIH_noRelateds_UKB_EXOM_PD_CASE_CONTROL_2021
C11orf63	3.554628543098328	0.0003785134359892994	NA	NA	NA	NA	NA	NA	0.678364400041665	0.190839743679766	0.0003785134359892	NA	NA	78.0	CMCWald	ALL_MODERATE_HIGH_IMPACT_SNPEFF	0.001	1	26434	meta_GNE_AMP_NIH_noRelateds_UKB_EXOM_PD_CASE_CONTROL_2021
DLEU7	3.5470247597787443	0.00038960797344134054	1.04158	0.396452	0.00860807	0.911536	0.379636	0.0163467	0.407973799887206	0.365799190463023	0.264724271213436	17.0	7.0	17.0	CMCWald	ALL_MODERATE_HIGH_IMPACT_SNPEFF	0.001	1	26434	meta_GNE_AMP_NIH_noRelateds_UKB_EXOM_PD_CASE_CONTROL_2021
NOCT	3.4280373349815645	0.0006079618434949223	0.492765	0.351384	0.16081	0.511152	0.292447	0.0804903	0.987299568193758	0.354209122435547	0.0053143470946627	18.0	8.0	26.0	CMCWald	ALL_MODERATE_HIGH_IMPACT_SNPEFF	0.001	1	26434	meta_GNE_AMP_NIH_noRelateds_UKB_EXOM_PD_CASE_CONTROL_2021
EP400	3.4190181798774764	0.0006284752730006124	0.311026	0.142761	0.0293584	0.276941	0.153597	0.0713829	0.206337181215966	0.106346848506667	0.052351932226404	200.0	63.0	306.0	CMCWald	ALL_MODERATE_HIGH_IMPACT_SNPEFF	0.001	1	26434	meta_GNE_AMP_NIH_noRelateds_UKB_EXOM_PD_CASE_CONTROL_2021
PSG7	3.4099358375120405	0.0006497816425475562	0.569415	0.231942	0.0140891	0.548395	0.231547	0.0178656	0.176468150258494	0.162974313128223	0.278898393269631	53.0	24.0	91.0	CMCWald	ALL_MODERATE_HIGH_IMPACT_SNPEFF	0.001	1	26434	meta_GNE_AMP_NIH_noRelateds_UKB_EXOM_PD_CASE_CONTROL_2021
ALKBH6	3.4048250428899736	0.0006620645620284488	0.594249	0.371426	0.109618	0.919734	0.535683	0.0859909	1.25008792256202	0.484439949149861	0.0098662880839102	14.0	6.0	15.0	CMCWald	ALL_MODERATE_HIGH_IMPACT_SNPEFF	0.001	1	26434	meta_GNE_AMP_NIH_noRelateds_UKB_EXOM_PD_CASE_CONTROL_2021
KIF9	3.383909428162333	0.0007146157252216105	1.01942	0.218698	3.14219e-06	0.148892	0.235496	0.527224	0.102669821526843	0.18090299452327	0.570346847688333	55.0	26.0	93.0	CMCWald	ALL_MODERATE_HIGH_IMPACT_SNPEFF	0.001	1	26434	meta_GNE_AMP_NIH_noRelateds_UKB_EXOM_PD_CASE_CONTROL_2021
CFAP52	-3.375222339195325	0.0007375607656719398	-0.352038	0.407327	0.387442	-0.852688	0.351345	0.0152275	-0.679282920704885	0.265877931573182	0.010622818696429	33.0	13.0	66.0	CMCWald	ALL_MODERATE_HIGH_IMPACT_SNPEFF	0.001	1	26434	meta_GNE_AMP_NIH_noRelateds_UKB_EXOM_PD_CASE_CONTROL_2021
ERCC8	-3.368206247465187	0.0007565897419375873	-1.32354	0.727548	0.0688837	-0.71769	0.393815	0.0683936	-0.66120240221282	0.301599197632898	0.0283563011297112	29.0	10.0	38.0	CMCWald	ALL_MODERATE_HIGH_IMPACT_SNPEFF	0.001	1	26434	meta_GNE_AMP_NIH_noRelateds_UKB_EXOM_PD_CASE_CONTROL_2021
PARM1	3.362807547998562	0.0007715413104689188	0.818347	0.335631	0.0147592	0.962014	0.372028	0.00971349	0.265792138804556	0.33205141344999	0.423447357260572	16.0	7.0	28.0	CMCWald	ALL_MODERATE_HIGH_IMPACT_SNPEFF	0.001	1	26434	meta_GNE_AMP_NIH_noRelateds_UKB_EXOM_PD_CASE_CONTROL_2021
DPYSL4	3.35832423390204	0.0007841657366106284	0.37131	0.246166	0.131459	0.854218	0.290256	0.0032507	0.342334313877614	0.250714575026288	0.172116547380197	60.0	19.0	59.0	CMCWald	ALL_MODERATE_HIGH_IMPACT_SNPEFF	0.001	1	26434	meta_GNE_AMP_NIH_noRelateds_UKB_EXOM_PD_CASE_CONTROL_2021
MTFR2	3.343847823384802	0.0008262504649505178	0.726561	0.307725	0.0182222	0.774244	0.356194	0.0297309	0.350517873146792	0.278856325597785	0.208759515612944	26.0	11.0	36.0	CMCWald	ALL_MODERATE_HIGH_IMPACT_SNPEFF	0.001	1	26434	meta_GNE_AMP_NIH_noRelateds_UKB_EXOM_PD_CASE_CONTROL_2021
KLHL25	-3.259555548705197	0.0011158692666372013	-0.7315	0.334694	0.0288465	-0.912865	0.315496	0.00381062	-0.110098849802646	0.194277496771165	0.57091175168186	60.0	22.0	102.0	CMCWald	ALL_MODERATE_HIGH_IMPACT_SNPEFF	0.001	1	26434	meta_GNE_AMP_NIH_noRelateds_UKB_EXOM_PD_CASE_CONTROL_2021
MXD1	3.254543592080479	0.001135747282959362	0.936818	0.500806	0.0613978	1.24385	0.548573	0.023364	0.56224670286724	0.37508471835088	0.133877290837067	11.0	8.0	16.0	CMCWald	ALL_MODERATE_HIGH_IMPACT_SNPEFF	0.001	1	26434	meta_GNE_AMP_NIH_noRelateds_UKB_EXOM_PD_CASE_CONTROL_2021
TMEM236	3.2515435624583917	0.0011478018479380914	0.776282	0.38174	0.0419982	0.502436	0.330048	0.127931	0.553739764198468	0.266735168341878	0.0378947988777538	16.0	12.0	45.0	CMCWald	ALL_MODERATE_HIGH_IMPACT_SNPEFF	0.001	1	26434	meta_GNE_AMP_NIH_noRelateds_UKB_EXOM_PD_CASE_CONTROL_2021
MAP3K6	-3.221040691546693	0.0012772601182799003	-0.455703	0.297154	0.125138	-0.484173	0.226119	0.0322555	-0.334885595215875	0.175865263905104	0.0568819508132278	81.0	37.0	121.0	CMCWald	ALL_MODERATE_HIGH_IMPACT_SNPEFF	0.001	1	26434	meta_GNE_AMP_NIH_noRelateds_UKB_EXOM_PD_CASE_CONTROL_2021
 
COHORT: GNE_AMP_NIH_UKB_CASE_CONTROL_META; VARIANT GROUP: ALL_MODERATE_HIGH_IMPACT_SNPEFF; MAF: 0.01; NUMVAR >= 1
GENE	TEST_STAT_WEIGHTEDZ	META_PVAL	UKB_CASES_BETA	UKB_CASES_SE	UKB_CASES_PVAL	AMP_NIH_BETA	AMP_NIH_SE	AMP_NIH_PVAL	GNE_BETA	GNE_SE	GNE_PVAL	UKB_CASE_NUMVAR	AMP_NIH_NUMVAR	GNE_NUMVAR	TEST	VARIANT_GROUP	MAF	MIN_NUMVAR	NTOTAL	META_ANALYSIS_GROUP
GBA	7.934437346396039	2.1145173265788755e-15	0.686803	0.16392	2.79129e-05	0.567902	0.129786	1.21058e-05	0.669509757037131	0.129316351187564	2.25118087878369e-07	37.0	17.0	21.0	CMCWald	ALL_MODERATE_HIGH_IMPACT_SNPEFF	0.01	1	26434	meta_GNE_AMP_NIH_noRelateds_UKB_EXOM_PD_CASE_CONTROL_2021
EEA1	4.364115877408463	1.2763791073225199e-05	0.590326	0.124889	2.28064e-06	0.064873	0.111883	0.56203	0.281506105845934	0.124989607473326	0.0243073559565939	55.0	28.0	92.0	CMCWald	ALL_MODERATE_HIGH_IMPACT_SNPEFF	0.01	1	26434	meta_GNE_AMP_NIH_noRelateds_UKB_EXOM_PD_CASE_CONTROL_2021
RNF114	3.9951027334774882	6.466620588146396e-05	0.494221	0.26179	0.0590455	0.268103	0.194885	0.168915	0.759777852904681	0.207807061135968	0.0002560120421331	16.0	9.0	23.0	CMCWald	ALL_MODERATE_HIGH_IMPACT_SNPEFF	0.01	1	26434	meta_GNE_AMP_NIH_noRelateds_UKB_EXOM_PD_CASE_CONTROL_2021
SNX27	-3.896925001657727	9.742177175324539e-05	-0.719619	0.283461	0.0111269	-0.645474	0.228581	0.00474535	-0.273894107905587	0.197450435045843	0.16539489039208	27.0	10.0	29.0	CMCWald	ALL_MODERATE_HIGH_IMPACT_SNPEFF	0.01	1	26434	meta_GNE_AMP_NIH_noRelateds_UKB_EXOM_PD_CASE_CONTROL_2021
ASMT	-3.858709904720754	0.00011398714283909153	-0.965862	0.348246	0.00554562	NA	NA	NA	-0.465212352633865	0.17335803791663	0.0072848361753386	39.0	NA	60.0	CMCWald	ALL_MODERATE_HIGH_IMPACT_SNPEFF	0.01	1	26434	meta_GNE_AMP_NIH_noRelateds_UKB_EXOM_PD_CASE_CONTROL_2021
LSR	3.7398025779559796	0.0001841648412992881	0.452144	0.164979	0.00613252	0.389609	0.189903	0.0402064	0.199387817072404	0.11831058046768	0.0919323425032511	55.0	26.0	83.0	CMCWald	ALL_MODERATE_HIGH_IMPACT_SNPEFF	0.01	1	26434	meta_GNE_AMP_NIH_noRelateds_UKB_EXOM_PD_CASE_CONTROL_2021
NUP210	3.7129233449199783	0.0002048789555523913	0.25994	0.112504	0.0208605	0.153764	0.090641	0.089809	0.215867383609869	0.0890516461477096	0.0153476659529858	138.0	65.0	212.0	CMCWald	ALL_MODERATE_HIGH_IMPACT_SNPEFF	0.01	1	26434	meta_GNE_AMP_NIH_noRelateds_UKB_EXOM_PD_CASE_CONTROL_2021
DLEU7-AS1	3.5555681282526033	0.00037716319182312815	1.04158	0.396452	0.00860807	0.911536	0.379636	0.0163467	NA	NA	NA	17.0	7.0	NA	CMCWald	ALL_MODERATE_HIGH_IMPACT_SNPEFF	0.01	1	26434	meta_GNE_AMP_NIH_noRelateds_UKB_EXOM_PD_CASE_CONTROL_2021
DLEU7	3.5470247597787443	0.00038960797344134054	1.04158	0.396452	0.00860807	0.911536	0.379636	0.0163467	0.407973799887206	0.365799190463023	0.264724271213436	17.0	7.0	17.0	CMCWald	ALL_MODERATE_HIGH_IMPACT_SNPEFF	0.01	1	26434	meta_GNE_AMP_NIH_noRelateds_UKB_EXOM_PD_CASE_CONTROL_2021
GPLD1	-3.5274792669161923	0.00041953661628342737	-0.362102	0.192601	0.0601001	-0.271283	0.134853	0.0442526	-0.288793348020507	0.130203445746005	0.0265537299280114	61.0	30.0	104.0	CMCWald	ALL_MODERATE_HIGH_IMPACT_SNPEFF	0.01	1	26434	meta_GNE_AMP_NIH_noRelateds_UKB_EXOM_PD_CASE_CONTROL_2021
DSEL	3.3893909374300413	0.0007004806716653601	0.350387	0.172846	0.0426457	0.309355	0.166203	0.0627001	0.25937201691796	0.130855447694717	0.0474651130485253	66.0	25.0	82.0	CMCWald	ALL_MODERATE_HIGH_IMPACT_SNPEFF	0.01	1	26434	meta_GNE_AMP_NIH_noRelateds_UKB_EXOM_PD_CASE_CONTROL_2021
DLL4	3.3802716380461724	0.0007241422299129484	0.471549	0.28277	0.0953947	0.333736	0.26776	0.212619	0.593385396364556	0.201777117593792	0.0032736976125282	35.0	12.0	49.0	CMCWald	ALL_MODERATE_HIGH_IMPACT_SNPEFF	0.01	1	26434	meta_GNE_AMP_NIH_noRelateds_UKB_EXOM_PD_CASE_CONTROL_2021
LRRK2	3.355673722392604	0.0007917191420001134	0.15702	0.134242	0.242131	0.275456	0.105909	0.00929857	0.198642149233156	0.0972951747741926	0.0411868171620675	129.0	58.0	200.0	CMCWald	ALL_MODERATE_HIGH_IMPACT_SNPEFF	0.01	1	26434	meta_GNE_AMP_NIH_noRelateds_UKB_EXOM_PD_CASE_CONTROL_2021
SULT1C4	-3.2668369406095166	0.0010875630226842331	-0.796844	0.332835	0.0166608	-0.398836	0.192305	0.0380819	-0.512884415054586	0.430908354071299	0.233952024881661	14.0	11.0	26.0	CMCWald	ALL_MODERATE_HIGH_IMPACT_SNPEFF	0.01	1	26434	meta_GNE_AMP_NIH_noRelateds_UKB_EXOM_PD_CASE_CONTROL_2021
ZNF781	3.2492134488575886	0.0011572460677784049	0.702217	0.31683	0.0266654	0.459584	0.343628	0.181078	0.464277466648675	0.223859050142595	0.0380818845148652	17.0	9.0	39.0	CMCWald	ALL_MODERATE_HIGH_IMPACT_SNPEFF	0.01	1	26434	meta_GNE_AMP_NIH_noRelateds_UKB_EXOM_PD_CASE_CONTROL_2021
CENPF	-3.215444052282142	0.0013024288002402094	-0.371545	0.136425	0.00646054	-0.139046	0.0902384	0.123346	-0.117348364161644	0.0899220678680183	0.191892599400491	158.0	78.0	279.0	CMCWald	ALL_MODERATE_HIGH_IMPACT_SNPEFF	0.01	1	26434	meta_GNE_AMP_NIH_noRelateds_UKB_EXOM_PD_CASE_CONTROL_2021
RP11-548K23.11	3.1992604069120008	0.0013778065622059318	NA	NA	NA	NA	NA	NA	0.608986455428475	0.19035226207681	0.0013778065622059	NA	NA	33.0	CMCWald	ALL_MODERATE_HIGH_IMPACT_SNPEFF	0.01	1	26434	meta_GNE_AMP_NIH_noRelateds_UKB_EXOM_PD_CASE_CONTROL_2021
HSPA1L	-3.1965518291293322	0.0013908083734029556	-0.457831	0.297213	0.12346	-0.359642	0.16945	0.0338037	-0.500072826060571	0.266880778892792	0.0609623246902803	39.0	16.0	50.0	CMCWald	ALL_MODERATE_HIGH_IMPACT_SNPEFF	0.01	1	26434	meta_GNE_AMP_NIH_noRelateds_UKB_EXOM_PD_CASE_CONTROL_2021
BLOC1S6	3.1947697582278933	0.0013994243421026188	1.73008	0.825765	0.0361595	0.760641	0.428262	0.0757146	0.543326950836211	0.326858762817135	0.0964589964600797	5.0	4.0	18.0	CMCWald	ALL_MODERATE_HIGH_IMPACT_SNPEFF	0.01	1	26434	meta_GNE_AMP_NIH_noRelateds_UKB_EXOM_PD_CASE_CONTROL_2021
DPYSL4	3.1847565567505987	0.0014487582742897323	0.37131	0.246166	0.131459	0.587411	0.222306	0.0082333	0.342334313877614	0.250714575026288	0.172116547380197	60.0	20.0	59.0	CMCWald	ALL_MODERATE_HIGH_IMPACT_SNPEFF	0.01	1	26434	meta_GNE_AMP_NIH_noRelateds_UKB_EXOM_PD_CASE_CONTROL_2021
SST	-3.1831367577777145	0.0014568878506814058	-0.526773	0.751982	0.483607	-1.28668	0.476592	0.0069391	-0.916922803798135	0.433925056591205	0.0345930445313883	3.0	4.0	10.0	CMCWald	ALL_MODERATE_HIGH_IMPACT_SNPEFF	0.01	1	26434	meta_GNE_AMP_NIH_noRelateds_UKB_EXOM_PD_CASE_CONTROL_2021
ENPP2	-3.1638625416234385	0.0015569030902266446	-0.37316	0.179668	0.0378069	-0.162158	0.132499	0.22101	-0.277466752107299	0.127325895355081	0.029317886474967	53.0	20.0	77.0	CMCWald	ALL_MODERATE_HIGH_IMPACT_SNPEFF	0.01	1	26434	meta_GNE_AMP_NIH_noRelateds_UKB_EXOM_PD_CASE_CONTROL_2021
GCNT2	-3.162339345275055	0.0015650706648035304	-0.373936	0.170978	0.0287399	-0.263144	0.146714	0.0728801	-0.198421109826549	0.132571866690346	0.134469771384431	72.0	29.0	136.0	CMCWald	ALL_MODERATE_HIGH_IMPACT_SNPEFF	0.01	1	26434	meta_GNE_AMP_NIH_noRelateds_UKB_EXOM_PD_CASE_CONTROL_2021
MPP2	-3.1609277146812294	0.0015726752156985653	-0.780345	0.525848	0.137816	-0.59213	0.239903	0.013579	-0.437171832534774	0.287101733793195	0.127832014761194	30.0	11.0	60.0	CMCWald	ALL_MODERATE_HIGH_IMPACT_SNPEFF	0.01	1	26434	meta_GNE_AMP_NIH_noRelateds_UKB_EXOM_PD_CASE_CONTROL_2021
 
COHORT: GNE_AMP_NIH_UKB_CASE_CONTROL_META; VARIANT GROUP: ALL_LOF_HC_LOFTEE_and_CADD_20_VEP; MAF: 0.001; NUMVAR >= 1
GENE	TEST_STAT_WEIGHTEDZ	META_PVAL	UKB_CASES_BETA	UKB_CASES_SE	UKB_CASES_PVAL	AMP_NIH_BETA	AMP_NIH_SE	AMP_NIH_PVAL	GNE_BETA	GNE_SE	GNE_PVAL	UKB_CASE_NUMVAR	AMP_NIH_NUMVAR	GNE_NUMVAR	TEST	VARIANT_GROUP	MAF	MIN_NUMVAR	NTOTAL	META_ANALYSIS_GROUP
GBA	4.952026841506451	7.344447069322551e-07	1.42758	0.320636	8.49417e-06	1.4764	0.602972	0.0143439	0.736621419849181	0.439436764240767	0.0936823087648858	25.0	8.0	17.0	CMCWald	ALL_LOF_HC_LOFTEE_and_CADD_20_VEP	0.001	1	26434	meta_GNE_AMP_NIH_noRelateds_UKB_EXOM_PD_CASE_CONTROL_2021
DSEL	4.163057165551306	3.140147106342063e-05	0.559979	0.22792	0.0140135	0.626914	0.239379	0.00882084	0.507459690769187	0.237708518393982	0.0327775064769944	67.0	22.0	57.0	CMCWald	ALL_LOF_HC_LOFTEE_and_CADD_20_VEP	0.001	1	26434	meta_GNE_AMP_NIH_noRelateds_UKB_EXOM_PD_CASE_CONTROL_2021
BOLA1	3.9109301685990614	9.194135394324101e-05	1.11014	0.566144	0.0498924	0.889975	0.603173	0.140081	1.17157331155303	0.351026706700978	0.0008451693777209	8.0	4.0	14.0	CMCWald	ALL_LOF_HC_LOFTEE_and_CADD_20_VEP	0.001	1	26434	meta_GNE_AMP_NIH_noRelateds_UKB_EXOM_PD_CASE_CONTROL_2021
MTFR2	3.674880097695538	0.0002379611406075918	0.767851	0.361319	0.0335757	1.22233	0.511325	0.0168252	0.622533588322601	0.336608170367731	0.0643956012248935	17.0	6.0	21.0	CMCWald	ALL_LOF_HC_LOFTEE_and_CADD_20_VEP	0.001	1	26434	meta_GNE_AMP_NIH_noRelateds_UKB_EXOM_PD_CASE_CONTROL_2021
PDE9A	3.664254813832062	0.00024805973595068653	0.722917	0.307692	0.0187997	0.490727	0.298069	0.0996906	0.735448407937654	0.312845048597393	0.0187311258523464	33.0	15.0	31.0	CMCWald	ALL_LOF_HC_LOFTEE_and_CADD_20_VEP	0.001	1	26434	meta_GNE_AMP_NIH_noRelateds_UKB_EXOM_PD_CASE_CONTROL_2021
NOP53	3.5759050444794096	0.00034901832872586113	0.5565	0.256489	0.0300308	0.859553	0.29769	0.00388429	NA	NA	NA	34.0	16.0	NA	CMCWald	ALL_LOF_HC_LOFTEE_and_CADD_20_VEP	0.001	1	26434	meta_GNE_AMP_NIH_noRelateds_UKB_EXOM_PD_CASE_CONTROL_2021
NECAP1	3.506489883877586	0.0004540586955761834	1.01139	0.554929	0.0683718	1.72121	0.846149	0.0419347	0.861285057882837	0.388545169024279	0.0266441299909345	9.0	3.0	13.0	CMCWald	ALL_LOF_HC_LOFTEE_and_CADD_20_VEP	0.001	1	26434	meta_GNE_AMP_NIH_noRelateds_UKB_EXOM_PD_CASE_CONTROL_2021
ADH5	3.490663505695538	0.0004818226849958161	1.77613	0.406549	1.24927e-05	0.190214	0.591821	0.747904	0.423117374838916	0.312078327695277	0.175161201920928	19.0	6.0	29.0	CMCWald	ALL_LOF_HC_LOFTEE_and_CADD_20_VEP	0.001	1	26434	meta_GNE_AMP_NIH_noRelateds_UKB_EXOM_PD_CASE_CONTROL_2021
STK38L	3.454722151266864	0.0005508601905200886	0.721044	0.845099	0.393545	NA	NA	NA	3.24090182845821	0.803693762927899	5.51846481277504e-05	7.0	NA	9.0	CMCWald	ALL_LOF_HC_LOFTEE_and_CADD_20_VEP	0.001	1	26434	meta_GNE_AMP_NIH_noRelateds_UKB_EXOM_PD_CASE_CONTROL_2021
RECK	-3.403787095770764	0.000664585319230519	-0.863249	0.427869	0.0436378	-0.46593	0.338643	0.16886	-0.844637275847417	0.337570805088855	0.0123457638021058	46.0	17.0	49.0	CMCWald	ALL_LOF_HC_LOFTEE_and_CADD_20_VEP	0.001	1	26434	meta_GNE_AMP_NIH_noRelateds_UKB_EXOM_PD_CASE_CONTROL_2021
AHI1	3.3823444352044585	0.0007186997068366475	0.599679	0.296782	0.0433209	0.729088	0.346216	0.0352154	0.396894610056122	0.229165580622071	0.0832892388401876	43.0	16.0	78.0	CMCWald	ALL_LOF_HC_LOFTEE_and_CADD_20_VEP	0.001	1	26434	meta_GNE_AMP_NIH_noRelateds_UKB_EXOM_PD_CASE_CONTROL_2021
ABCD2	3.371699006086341	0.0007470604473271174	1.67133	0.584964	0.0042747	0.277665	0.414974	0.503422	0.731622865960789	0.316214788755351	0.0206847551541819	11.0	7.0	32.0	CMCWald	ALL_LOF_HC_LOFTEE_and_CADD_20_VEP	0.001	1	26434	meta_GNE_AMP_NIH_noRelateds_UKB_EXOM_PD_CASE_CONTROL_2021
ANKRD29	-3.337550636936184	0.0008452031948425377	-1.85242	1.01664	0.0684409	-1.01467	0.516456	0.0494504	-0.932573957923367	0.467683359166421	0.0461489375085295	21.0	10.0	31.0	CMCWald	ALL_LOF_HC_LOFTEE_and_CADD_20_VEP	0.001	1	26434	meta_GNE_AMP_NIH_noRelateds_UKB_EXOM_PD_CASE_CONTROL_2021
PURG	3.3175273398891756	0.0009081802698886633	1.54554	0.391313	7.82698e-05	0.251032	0.475528	0.597568	0.644578538780347	0.508102954654507	0.204584374982312	17.0	4.0	12.0	CMCWald	ALL_LOF_HC_LOFTEE_and_CADD_20_VEP	0.001	1	26434	meta_GNE_AMP_NIH_noRelateds_UKB_EXOM_PD_CASE_CONTROL_2021
ASZ1	3.314804704530749	0.0009170717076432713	0.748465	0.322579	0.020327	0.564953	0.351217	0.107713	0.48859944124957	0.269557443026842	0.0698937553939041	19.0	9.0	40.0	CMCWald	ALL_LOF_HC_LOFTEE_and_CADD_20_VEP	0.001	1	26434	meta_GNE_AMP_NIH_noRelateds_UKB_EXOM_PD_CASE_CONTROL_2021
BRWD1	-3.2876084689847533	0.001010422563028338	-0.488528	0.308964	0.113837	-0.622511	0.286715	0.0299173	-0.46489796878891	0.239398729959641	0.0521443647260373	61.0	19.0	89.0	CMCWald	ALL_LOF_HC_LOFTEE_and_CADD_20_VEP	0.001	1	26434	meta_GNE_AMP_NIH_noRelateds_UKB_EXOM_PD_CASE_CONTROL_2021
IRS1	3.2846428562901906	0.0010211171768672639	0.567749	0.229471	0.0133549	0.431998	0.239232	0.0709538	0.304796033580811	0.216284946835716	0.158766079088062	71.0	25.0	96.0	CMCWald	ALL_LOF_HC_LOFTEE_and_CADD_20_VEP	0.001	1	26434	meta_GNE_AMP_NIH_noRelateds_UKB_EXOM_PD_CASE_CONTROL_2021
KIF9	3.273984106702947	0.0010604257544869176	0.978421	0.226769	1.59885e-05	0.236196	0.251506	0.347665	0.0874695094946334	0.209776722416658	0.67670415334947	47.0	20.0	59.0	CMCWald	ALL_LOF_HC_LOFTEE_and_CADD_20_VEP	0.001	1	26434	meta_GNE_AMP_NIH_noRelateds_UKB_EXOM_PD_CASE_CONTROL_2021
UBXN6	3.273639107301476	0.001061721168258227	0.831992	0.239038	0.000500315	0.092722	0.331781	0.779886	0.440031169544376	0.230375923820923	0.0561258614663999	51.0	17.0	48.0	CMCWald	ALL_LOF_HC_LOFTEE_and_CADD_20_VEP	0.001	1	26434	meta_GNE_AMP_NIH_noRelateds_UKB_EXOM_PD_CASE_CONTROL_2021
TTC12	3.261770977294494	0.0011071855526350047	0.797662	0.313289	0.0108937	0.185709	0.348049	0.593639	0.835114040869961	0.324960804003061	0.0101730341555786	30.0	16.0	30.0	CMCWald	ALL_LOF_HC_LOFTEE_and_CADD_20_VEP	0.001	1	26434	meta_GNE_AMP_NIH_noRelateds_UKB_EXOM_PD_CASE_CONTROL_2021
AGAP3	3.234828463298134	0.0012171583169918213	0.817147	0.266566	0.00217337	0.709406	0.291699	0.0150165	0.026667838353337	0.252897370823327	0.916019337162023	45.0	19.0	54.0	CMCWald	ALL_LOF_HC_LOFTEE_and_CADD_20_VEP	0.001	1	26434	meta_GNE_AMP_NIH_noRelateds_UKB_EXOM_PD_CASE_CONTROL_2021
ITIH5	3.177918775203413	0.0014833630038888187	0.137852	0.234966	0.557412	0.548943	0.192315	0.004312	0.394126966209321	0.19102401900935	0.0390905427623405	50.0	25.0	70.0	CMCWald	ALL_LOF_HC_LOFTEE_and_CADD_20_VEP	0.001	1	26434	meta_GNE_AMP_NIH_noRelateds_UKB_EXOM_PD_CASE_CONTROL_2021
TPSG1	3.1682720701083333	0.0015334794001000147	0.946891	0.347722	0.00646678	0.157762	0.303958	0.603744	0.584948048764301	0.260503008294169	0.0247388724390302	21.0	15.0	35.0	CMCWald	ALL_LOF_HC_LOFTEE_and_CADD_20_VEP	0.001	1	26434	meta_GNE_AMP_NIH_noRelateds_UKB_EXOM_PD_CASE_CONTROL_2021
FAM89A	-3.1613438296789003	0.0015704300469474004	-0.875543	0.740668	0.237167	-2.52486	1.12662	0.0250204	-1.08310589003739	0.527722351524587	0.040129233920134	9.0	1.0	8.0	CMCWald	ALL_LOF_HC_LOFTEE_and_CADD_20_VEP	0.001	1	26434	meta_GNE_AMP_NIH_noRelateds_UKB_EXOM_PD_CASE_CONTROL_2021
 
COHORT: GNE_AMP_NIH_UKB_CASE_CONTROL_META; VARIANT GROUP: ALL_LOF_HC_LOFTEE_and_CADD_20_VEP; MAF: 0.01; NUMVAR >= 1
GENE	TEST_STAT_WEIGHTEDZ	META_PVAL	UKB_CASES_BETA	UKB_CASES_SE	UKB_CASES_PVAL	AMP_NIH_BETA	AMP_NIH_SE	AMP_NIH_PVAL	GNE_BETA	GNE_SE	GNE_PVAL	UKB_CASE_NUMVAR	AMP_NIH_NUMVAR	GNE_NUMVAR	TEST	VARIANT_GROUP	MAF	MIN_NUMVAR	NTOTAL	META_ANALYSIS_GROUP
GBA	7.678044588336503	1.6153527220320708e-14	0.681068	0.173446	8.61206e-05	0.570242	0.134312	2.17967e-05	0.665562299143836	0.129829707893833	2.95295141531058e-07	27.0	10.0	19.0	CMCWald	ALL_LOF_HC_LOFTEE_and_CADD_20_VEP	0.01	1	26434	meta_GNE_AMP_NIH_noRelateds_UKB_EXOM_PD_CASE_CONTROL_2021
NAALADL1	3.931698822956207	8.434769574476053e-05	0.327801	0.200709	0.102423	0.33353	0.158157	0.0349575	0.532603518580831	0.173609031848876	0.0021561707136018	46.0	26.0	67.0	CMCWald	ALL_LOF_HC_LOFTEE_and_CADD_20_VEP	0.01	1	26434	meta_GNE_AMP_NIH_noRelateds_UKB_EXOM_PD_CASE_CONTROL_2021
SNX27	-3.8807775441159054	0.00010412304707224423	-0.684003	0.274521	0.0127161	-0.645474	0.228581	0.00474535	-0.280761961512202	0.199652980855938	0.159649965301536	32.0	10.0	26.0	CMCWald	ALL_LOF_HC_LOFTEE_and_CADD_20_VEP	0.01	1	26434	meta_GNE_AMP_NIH_noRelateds_UKB_EXOM_PD_CASE_CONTROL_2021
EEA1	3.828490258145975	0.00012893173346693266	0.631861	0.142799	9.65157e-06	0.0862854	0.119447	0.470063	0.24462722630152	0.164850054054992	0.137825422985216	47.0	25.0	60.0	CMCWald	ALL_LOF_HC_LOFTEE_and_CADD_20_VEP	0.01	1	26434	meta_GNE_AMP_NIH_noRelateds_UKB_EXOM_PD_CASE_CONTROL_2021
LRRK2	3.794942444441068	0.0001476777104939113	0.145556	0.142558	0.307243	0.322983	0.112698	0.00415788	0.287407260203841	0.10699848866288	0.0072294240094887	108.0	49.0	118.0	CMCWald	ALL_LOF_HC_LOFTEE_and_CADD_20_VEP	0.01	1	26434	meta_GNE_AMP_NIH_noRelateds_UKB_EXOM_PD_CASE_CONTROL_2021
ASMT	-3.7089663054086635	0.0002081071166591027	-1.33222	0.461139	0.00386493	NA	NA	NA	-0.745620816626802	0.31643802273721	0.0184583333722645	22.0	NA	21.0	CMCWald	ALL_LOF_HC_LOFTEE_and_CADD_20_VEP	0.01	1	26434	meta_GNE_AMP_NIH_noRelateds_UKB_EXOM_PD_CASE_CONTROL_2021
TMEM151A	-3.693554827223607	0.00022114080319515715	-0.417244	0.298251	0.161821	-0.715254	0.190399	0.000172228	-1.89141055074731	1.5230594801567	0.214292120361903	26.0	11.0	3.0	CMCWald	ALL_LOF_HC_LOFTEE_and_CADD_20_VEP	0.01	1	26434	meta_GNE_AMP_NIH_noRelateds_UKB_EXOM_PD_CASE_CONTROL_2021
MIER2	-3.6330832431235276	0.0002800546192410863	-0.0865955	0.303442	0.775355	-1.06721	0.349501	0.00226177	-0.654981577285064	0.221743337288428	0.0031390521015556	22.0	15.0	38.0	CMCWald	ALL_LOF_HC_LOFTEE_and_CADD_20_VEP	0.01	1	26434	meta_GNE_AMP_NIH_noRelateds_UKB_EXOM_PD_CASE_CONTROL_2021
NECAP1	3.506489883877586	0.0004540586955761834	1.01139	0.554929	0.0683718	1.72121	0.846149	0.0419347	0.861285057882837	0.388545169024279	0.0266441299909345	9.0	3.0	13.0	CMCWald	ALL_LOF_HC_LOFTEE_and_CADD_20_VEP	0.01	1	26434	meta_GNE_AMP_NIH_noRelateds_UKB_EXOM_PD_CASE_CONTROL_2021
NIPA2	3.4634638695057807	0.0005332682059134672	0.911784	0.321039	0.00450987	0.354773	0.406908	0.383277	0.655562995107693	0.286658019854081	0.0222006892703935	17.0	4.0	20.0	CMCWald	ALL_LOF_HC_LOFTEE_and_CADD_20_VEP	0.01	1	26434	meta_GNE_AMP_NIH_noRelateds_UKB_EXOM_PD_CASE_CONTROL_2021
STK38L	3.454722151266864	0.0005508601905200886	0.721044	0.845099	0.393545	NA	NA	NA	3.24090182845821	0.803693762927899	5.51846481277504e-05	7.0	NA	9.0	CMCWald	ALL_LOF_HC_LOFTEE_and_CADD_20_VEP	0.01	1	26434	meta_GNE_AMP_NIH_noRelateds_UKB_EXOM_PD_CASE_CONTROL_2021
TSPO	3.4341029534967142	0.0005945183425131107	0.645269	0.5226	0.216932	0.765844	0.437512	0.0800402	1.05435336294678	0.355856631633898	0.0030479520878643	7.0	6.0	10.0	CMCWald	ALL_LOF_HC_LOFTEE_and_CADD_20_VEP	0.01	1	26434	meta_GNE_AMP_NIH_noRelateds_UKB_EXOM_PD_CASE_CONTROL_2021
ENPP2	-3.406477307290266	0.0006580702079661947	-0.369747	0.182105	0.0423157	-0.186898	0.134877	0.165841	-0.325696788669937	0.131112903662084	0.0129881486756233	48.0	17.0	63.0	CMCWald	ALL_LOF_HC_LOFTEE_and_CADD_20_VEP	0.01	1	26434	meta_GNE_AMP_NIH_noRelateds_UKB_EXOM_PD_CASE_CONTROL_2021
ERICH3	-3.4046283027202278	0.0006625416810629809	-0.525519	0.252104	0.0371117	-0.540442	0.189552	0.00435598	-0.163338930789663	0.169914215598475	0.336400178403425	26.0	12.0	44.0	CMCWald	ALL_LOF_HC_LOFTEE_and_CADD_20_VEP	0.01	1	26434	meta_GNE_AMP_NIH_noRelateds_UKB_EXOM_PD_CASE_CONTROL_2021
NSMCE4A	3.3559628190640467	0.0007908920077924202	0.435209	0.24875	0.0801904	0.494498	0.227414	0.0296721	0.744894865339268	0.394400843999484	0.058935441042851	25.0	11.0	19.0	CMCWald	ALL_LOF_HC_LOFTEE_and_CADD_20_VEP	0.01	1	26434	meta_GNE_AMP_NIH_noRelateds_UKB_EXOM_PD_CASE_CONTROL_2021
ANKRD29	-3.337550636936184	0.0008452031948425377	-1.85242	1.01664	0.0684409	-1.01467	0.516456	0.0494504	-0.932573957923367	0.467683359166421	0.0461489375085295	21.0	10.0	31.0	CMCWald	ALL_LOF_HC_LOFTEE_and_CADD_20_VEP	0.01	1	26434	meta_GNE_AMP_NIH_noRelateds_UKB_EXOM_PD_CASE_CONTROL_2021
ASZ1	3.314804704530749	0.0009170717076432713	0.748465	0.322579	0.020327	0.564953	0.351217	0.107713	0.48859944124957	0.269557443026842	0.0698937553939041	19.0	9.0	40.0	CMCWald	ALL_LOF_HC_LOFTEE_and_CADD_20_VEP	0.01	1	26434	meta_GNE_AMP_NIH_noRelateds_UKB_EXOM_PD_CASE_CONTROL_2021
SPATA25	-3.3105609643100182	0.0009310916761850671	-0.770415	0.397708	0.0527288	-0.785975	0.262013	0.00270194	-0.408911578884711	0.512956134868363	0.425354189429075	9.0	3.0	16.0	CMCWald	ALL_LOF_HC_LOFTEE_and_CADD_20_VEP	0.01	1	26434	meta_GNE_AMP_NIH_noRelateds_UKB_EXOM_PD_CASE_CONTROL_2021
KIF9	3.273984106702947	0.0010604257544869176	0.978421	0.226769	1.59885e-05	0.236196	0.251506	0.347665	0.0874695094946334	0.209776722416658	0.67670415334947	47.0	20.0	59.0	CMCWald	ALL_LOF_HC_LOFTEE_and_CADD_20_VEP	0.01	1	26434	meta_GNE_AMP_NIH_noRelateds_UKB_EXOM_PD_CASE_CONTROL_2021
LSR	3.2688582464442986	0.0010798238454444494	0.631478	0.215837	0.00343661	0.312946	0.174118	0.0722847	0.163447117651848	0.174104003374148	0.347838514214644	40.0	23.0	52.0	CMCWald	ALL_LOF_HC_LOFTEE_and_CADD_20_VEP	0.01	1	26434	meta_GNE_AMP_NIH_noRelateds_UKB_EXOM_PD_CASE_CONTROL_2021
TTC12	3.261770977294494	0.0011071855526350047	0.797662	0.313289	0.0108937	0.185709	0.348049	0.593639	0.835114040869961	0.324960804003061	0.0101730341555786	30.0	16.0	30.0	CMCWald	ALL_LOF_HC_LOFTEE_and_CADD_20_VEP	0.01	1	26434	meta_GNE_AMP_NIH_noRelateds_UKB_EXOM_PD_CASE_CONTROL_2021
AHI1	3.2543671614547387	0.0011364529558362292	0.234344	0.15833	0.138846	0.273719	0.13268	0.0391128	0.250461247222622	0.119630165192531	0.0362929943676782	46.0	19.0	81.0	CMCWald	ALL_LOF_HC_LOFTEE_and_CADD_20_VEP	0.01	1	26434	meta_GNE_AMP_NIH_noRelateds_UKB_EXOM_PD_CASE_CONTROL_2021
ALDH1B1	-3.24702781605201	0.0011661699172258405	-0.266286	0.168236	0.113464	-0.297946	0.164224	0.0696361	-0.344854398803557	0.15485578819728	0.0259513488658518	32.0	14.0	55.0	CMCWald	ALL_LOF_HC_LOFTEE_and_CADD_20_VEP	0.01	1	26434	meta_GNE_AMP_NIH_noRelateds_UKB_EXOM_PD_CASE_CONTROL_2021
GPLD1	-3.2405451802172616	0.0011930136497803863	-0.376313	0.208857	0.0715818	-0.357045	0.185873	0.0547438	-0.271079999304863	0.143420446029028	0.0587436414905866	40.0	14.0	62.0	CMCWald	ALL_LOF_HC_LOFTEE_and_CADD_20_VEP	0.01	1	26434	meta_GNE_AMP_NIH_noRelateds_UKB_EXOM_PD_CASE_CONTROL_2021
 
