COHORT: META-GROUP3; APPROACH: RESULTS_WEIGHTEDZ_CMCWALD; VARIANT GROUP: ALL_MISSENSE_SNPEFF; MAF: 0.001; NUMVAR >= 2
GENE	TEST_STAT_WEIGHTEDZ	META_PVAL	-log10	AMP_NIH_PVAL	GNE_PVAL	UKB_CASE_PVAL	UKB_SIBLING_PROXY_PVAL	UKB_PARENT_PROXY_PVAL	AMP_NIH_NUMVAR	GNE_NUMVAR	UKB_CASE_NUMVAR	UKB_SIBLING_PROXY_NUMVAR	UKB_PARENT_PROXY_NUMVAR	TEST	VARIANT_GROUP	MAF	MIN_NUMVAR	META_ANALYSIS_GROUP
GBA	7.478804268045933	7.500188127986661e-14	13.124927843018726	0.013579	0.0214830395852572	0.000258426	0.0112797	8.03039e-09	15.0	16.0	30.0	22.0	74.0	CMCWald	ALL_MISSENSE_SNPEFF	0.001	2	META-GROUP3
SEPTIN5	3.964925666854038	7.341882234676495e-05	4.134192585950302	0.71969	NA	0.239243	0.000220466	0.00693884	5.0	NA	20.0	8.0	53.0	CMCWald	ALL_MISSENSE_SNPEFF	0.001	2	META-GROUP3
STK38L	3.9201952954354105	8.847723965987016e-05	4.053168435080817	0.36156	0.0001667716361832	0.176111	0.135247	0.21416	2.0	11.0	8.0	6.0	33.0	CMCWald	ALL_MISSENSE_SNPEFF	0.001	2	META-GROUP3
SEPT5-GP1BB	3.8803062054769657	0.00010432504112390921	3.9816114354215895	0.71969	NA	0.636501	2.02636e-05	0.00764949	5.0	NA	35.0	16.0	92.0	CMCWald	ALL_MISSENSE_SNPEFF	0.001	2	META-GROUP3
IRX6	3.7603888809371657	0.00016964942113662228	3.770447617879162	0.151714	0.190565384718304	0.116786	0.296839	0.00225489	12.0	49.0	39.0	24.0	90.0	CMCWald	ALL_MISSENSE_SNPEFF	0.001	2	META-GROUP3
IPO4	-3.7164599060836214	0.00020203368405601204	3.6945762167905376	0.133618	0.775027581507583	0.074127	0.0246311	0.0127209	27.0	127.0	61.0	43.0	185.0	CMCWald	ALL_MISSENSE_SNPEFF	0.001	2	META-GROUP3
RBM26	3.6954815259525553	0.0002194704390736276	3.6586239675027845	0.495712	0.0818319958156027	0.0433685	0.00940593	0.22063	13.0	35.0	36.0	30.0	105.0	CMCWald	ALL_MISSENSE_SNPEFF	0.001	2	META-GROUP3
TRMT12	3.6267540713325945	0.0002870064073582702	3.5421084076239215	0.0331734	0.571415401452678	0.0249384	0.14095	0.0892997	10.0	41.0	17.0	18.0	58.0	CMCWald	ALL_MISSENSE_SNPEFF	0.001	2	META-GROUP3
P2RY10	3.59169228476866	0.0003285376381528287	3.4834148693135654	NA	NA	0.182124	0.27074	0.000153462	NA	NA	2.0	6.0	15.0	CMCWald	ALL_MISSENSE_SNPEFF	0.001	2	META-GROUP3
LOC101928123	3.510379837656434	0.00044746699910850116	3.3492389885794935	NA	NA	0.053319	0.0611553	0.0228794	NA	NA	5.0	2.0	12.0	CMCWald	ALL_MISSENSE_SNPEFF	0.001	2	META-GROUP3
CFAP52	-3.4942791677336666	0.0004753436797832944	3.32299227613813	0.0152275	0.0240580978725804	0.407261	0.840874	0.0356564	13.0	57.0	31.0	23.0	79.0	CMCWald	ALL_MISSENSE_SNPEFF	0.001	2	META-GROUP3
MET	-3.4932385005259703	0.0004772001019886	3.3212994721830005	0.0267918	0.0454807865751501	0.717779	0.477655	0.00116326	24.0	97.0	52.0	44.0	165.0	CMCWald	ALL_MISSENSE_SNPEFF	0.001	2	META-GROUP3
EVX1-AS	3.4765389419421835	0.0005079304593353104	3.2941957428228985	0.547258	NA	0.0263825	0.165757	0.00605665	15.0	NA	31.0	20.0	56.0	CMCWald	ALL_MISSENSE_SNPEFF	0.001	2	META-GROUP3
USP25	3.4690512486652607	0.0005222998120249344	3.2820801304650327	0.779995	0.108155520796869	0.365403	0.00371097	0.0389881	14.0	66.0	48.0	27.0	120.0	CMCWald	ALL_MISSENSE_SNPEFF	0.001	2	META-GROUP3
H2BC21	3.4590261805701434	0.0005421322056948432	3.265894792424069	0.00635946	NA	0.404665	0.825668	0.00171363	2.0	NA	2.0	4.0	11.0	CMCWald	ALL_MISSENSE_SNPEFF	0.001	2	META-GROUP3
KIF2C	3.440468689597522	0.0005807076218441152	3.2360424737718794	0.00889171	0.831720665163501	0.00665668	0.296609	0.125488	7.0	44.0	33.0	20.0	85.0	CMCWald	ALL_MISSENSE_SNPEFF	0.001	2	META-GROUP3
FDFT1	-3.411070623174675	0.0006470832880434652	3.1890398163796587	0.215035	0.0735459504879885	0.0884479	0.186381	0.115693	10.0	67.0	43.0	32.0	126.0	CMCWald	ALL_MISSENSE_SNPEFF	0.001	2	META-GROUP3
RIPOR2	3.3706397482070574	0.000749938579334732	3.124974304272714	0.0018959	NA	0.250476	0.0608402	0.540963	28.0	NA	44.0	35.0	139.0	CMCWald	ALL_MISSENSE_SNPEFF	0.001	2	META-GROUP3
TRRAP	3.348437569491898	0.0008126858832079431	3.0900772841110062	0.819938	0.0109669615330286	0.458521	0.0275569	0.0765381	32.0	190.0	116.0	92.0	372.0	CMCWald	ALL_MISSENSE_SNPEFF	0.001	2	META-GROUP3
CEP85L	3.3451254000452626	0.0008224537571590271	3.084888511098644	0.0609427	0.893738259963688	0.0305296	0.0253088	0.283437	17.0	56.0	39.0	25.0	121.0	CMCWald	ALL_MISSENSE_SNPEFF	0.001	2	META-GROUP3
ENDOU	-3.3282836506454023	0.0008738284671633331	3.0585738111593312	0.0169943	0.112827256736117	0.248625	0.940444	0.0249996	13.0	35.0	21.0	18.0	60.0	CMCWald	ALL_MISSENSE_SNPEFF	0.001	2	META-GROUP3
USP6NL	3.3030010030535184	0.000956560456812829	3.0192875763628058	0.951505	0.0009441725856261	0.0240822	0.288184	0.411096	19.0	66.0	42.0	40.0	145.0	CMCWald	ALL_MISSENSE_SNPEFF	0.001	2	META-GROUP3
RAP1A	3.3028746991405447	0.0009569913911460059	3.019091969009574	NA	0.312443235681033	0.00861221	0.482481	0.0234364	NA	6.0	7.0	3.0	15.0	CMCWald	ALL_MISSENSE_SNPEFF	0.001	2	META-GROUP3
ZNF777	3.3019744878008512	0.0009600680199140729	3.017697996515794	0.760909	0.322945500168009	0.0254147	0.0158835	0.0401028	12.0	56.0	28.0	20.0	99.0	CMCWald	ALL_MISSENSE_SNPEFF	0.001	2	META-GROUP3
NOP53	3.2952729961530025	0.0009832610836239834	3.007331149388487	0.0125628	NA	0.00970228	0.640576	0.0482396	28.0	NA	47.0	34.0	119.0	CMCWald	ALL_MISSENSE_SNPEFF	0.001	2	META-GROUP3
 
COHORT: META-GROUP3; APPROACH: RESULTS_WEIGHTEDZ_CMCWALD; VARIANT GROUP: ALL_MISSENSE_SNPEFF; MAF: 0.01; NUMVAR >= 2
GENE	TEST_STAT_WEIGHTEDZ	META_PVAL	-log10	AMP_NIH_PVAL	GNE_PVAL	UKB_CASE_PVAL	UKB_SIBLING_PROXY_PVAL	UKB_PARENT_PROXY_PVAL	AMP_NIH_NUMVAR	GNE_NUMVAR	UKB_CASE_NUMVAR	UKB_SIBLING_PROXY_NUMVAR	UKB_PARENT_PROXY_NUMVAR	TEST	VARIANT_GROUP	MAF	MIN_NUMVAR	META_ANALYSIS_GROUP
GBA	9.398084580541672	5.556535143799108e-21	20.25519593449543	1.21058e-05	1.23743257136136e-07	0.000312011	0.209347	8.54366e-11	17.0	18.0	32.0	24.0	76.0	CMCWald	ALL_MISSENSE_SNPEFF	0.01	2	META-GROUP3
LSR	4.388561701887937	1.1410276379431965e-05	4.942703835984194	0.050274	0.0172658535488151	0.00310709	0.0270323	0.759226	25.0	72.0	44.0	35.0	125.0	CMCWald	ALL_MISSENSE_SNPEFF	0.01	2	META-GROUP3
ZNF777	4.250140511633208	2.1363645506074962e-05	4.670324637032839	0.610538	0.322945500168009	0.00255789	0.000578957	0.121576	13.0	56.0	29.0	22.0	101.0	CMCWald	ALL_MISSENSE_SNPEFF	0.01	2	META-GROUP3
SEPTIN5	3.964925666854038	7.341882234676495e-05	4.134192585950302	0.71969	NA	0.239243	0.000220466	0.00693884	5.0	NA	20.0	8.0	53.0	CMCWald	ALL_MISSENSE_SNPEFF	0.01	2	META-GROUP3
STK38L	3.9201952954354105	8.847723965987016e-05	4.053168435080817	0.36156	0.0001667716361832	0.176111	0.135247	0.21416	2.0	11.0	8.0	6.0	33.0	CMCWald	ALL_MISSENSE_SNPEFF	0.01	2	META-GROUP3
NUP210	3.8285691089097136	0.00012889044012972018	3.8897792932973103	0.0708268	0.0149254576408459	0.0239062	0.380257	0.236374	59.0	199.0	119.0	80.0	324.0	CMCWald	ALL_MISSENSE_SNPEFF	0.01	2	META-GROUP3
IPO4	-3.793724351055557	0.00014840441788219378	3.828553170261172	0.0275843	0.722205463198752	0.0994934	0.0274763	0.0382318	30.0	128.0	62.0	44.0	186.0	CMCWald	ALL_MISSENSE_SNPEFF	0.01	2	META-GROUP3
IRX6	3.7603888809371657	0.00016964942113662228	3.770447617879162	0.151714	0.190565384718304	0.116786	0.296839	0.00225489	12.0	49.0	39.0	24.0	90.0	CMCWald	ALL_MISSENSE_SNPEFF	0.01	2	META-GROUP3
TRMT12	3.6267540713325945	0.0002870064073582702	3.5421084076239215	0.0331734	0.571415401452678	0.0249384	0.14095	0.0892997	10.0	41.0	17.0	18.0	58.0	CMCWald	ALL_MISSENSE_SNPEFF	0.01	2	META-GROUP3
PUS7L	3.607743981925045	0.00030887104210116197	3.51022280663928	0.968695	0.106822182021625	0.0234753	0.0366315	0.0394151	27.0	71.0	45.0	28.0	106.0	CMCWald	ALL_MISSENSE_SNPEFF	0.01	2	META-GROUP3
EEA1	3.600579957462876	0.0003175081665865998	3.498245099795994	0.605938	0.0384040900142764	2.80507e-06	0.688026	0.704963	27.0	84.0	50.0	34.0	149.0	CMCWald	ALL_MISSENSE_SNPEFF	0.01	2	META-GROUP3
P2RY10	3.59169228476866	0.0003285376381528287	3.4834148693135654	NA	NA	0.182124	0.27074	0.000153462	NA	NA	2.0	6.0	15.0	CMCWald	ALL_MISSENSE_SNPEFF	0.01	2	META-GROUP3
RP11-548K23.11	3.5159999845321317	0.0004381010097339117	3.3584257458600333	NA	0.0004381010097339	NA	NA	NA	NA	29.0	NA	NA	NA	CMCWald	ALL_MISSENSE_SNPEFF	0.01	2	META-GROUP3
LOC101928123	3.510379837656434	0.00044746699910850116	3.3492389885794935	NA	NA	0.053319	0.0611553	0.0228794	NA	NA	5.0	2.0	12.0	CMCWald	ALL_MISSENSE_SNPEFF	0.01	2	META-GROUP3
OR51I1	3.4458808071922884	0.0005692013594919085	3.24473407130889	0.379239	0.011547129402261	0.253705	0.178041	0.0699817	14.0	36.0	20.0	16.0	52.0	CMCWald	ALL_MISSENSE_SNPEFF	0.01	2	META-GROUP3
PTGDR	-3.3791311919737663	0.0007271529917275719	3.1383742047217376	0.180814	0.0661833778255633	0.364753	0.116802	0.0566713	15.0	38.0	27.0	20.0	69.0	CMCWald	ALL_MISSENSE_SNPEFF	0.01	2	META-GROUP3
ASPSCR1	3.3604536115753443	0.0007781459689300651	3.1089389280043562	0.662753	0.0792234611149891	0.120404	0.433618	0.00281938	41.0	92.0	61.0	42.0	180.0	CMCWald	ALL_MISSENSE_SNPEFF	0.01	2	META-GROUP3
TRRAP	3.348437569491898	0.0008126858832079431	3.0900772841110062	0.819938	0.0109669615330286	0.458521	0.0275569	0.0765381	32.0	190.0	116.0	92.0	372.0	CMCWald	ALL_MISSENSE_SNPEFF	0.01	2	META-GROUP3
CGN	3.3468107660963957	0.0008174699369471569	3.087528209870162	0.0410143	0.0699483898157882	0.139921	0.0252062	0.931259	46.0	132.0	94.0	62.0	231.0	CMCWald	ALL_MISSENSE_SNPEFF	0.01	2	META-GROUP3
RNF114	3.3116492862862064	0.0009274773954055976	3.0326966662630457	0.168915	0.0002560120421331	0.0475803	0.827578	0.86163	9.0	23.0	14.0	10.0	36.0	CMCWald	ALL_MISSENSE_SNPEFF	0.01	2	META-GROUP3
RAP1A	3.3028746991405447	0.0009569913911460059	3.019091969009574	NA	0.312443235681033	0.00861221	0.482481	0.0234364	NA	6.0	7.0	3.0	15.0	CMCWald	ALL_MISSENSE_SNPEFF	0.01	2	META-GROUP3
REXO4	3.2972849707665044	0.0009762439511398646	3.010441644018323	0.582681	0.13199522202275	0.00880674	0.195374	0.160647	12.0	42.0	21.0	15.0	60.0	CMCWald	ALL_MISSENSE_SNPEFF	0.01	2	META-GROUP3
VIT	3.2788527394054805	0.0010423001085506567	2.982007217003836	0.00934457	0.907674093058176	0.0528601	0.0196849	0.72768	27.0	91.0	55.0	40.0	152.0	CMCWald	ALL_MISSENSE_SNPEFF	0.01	2	META-GROUP3
LRRK2	3.278828580429679	0.0010423893389578998	2.981970039021711	0.0024996	0.0502074479199019	0.219341	0.305043	0.923404	56.0	179.0	120.0	72.0	336.0	CMCWald	ALL_MISSENSE_SNPEFF	0.01	2	META-GROUP3
PRSS55	-3.2717816841862994	0.0010687206685543313	2.9711357914776233	0.426501	0.0595129822330068	0.0616781	0.0557978	0.392477	27.0	67.0	40.0	32.0	103.0	CMCWald	ALL_MISSENSE_SNPEFF	0.01	2	META-GROUP3
 
COHORT: META-GROUP3; APPROACH: RESULTS_WEIGHTEDZ_CMCWALD; VARIANT GROUP: ALL_LOF_HC_LOFTEE; MAF: 0.001; NUMVAR >= 2
GENE	TEST_STAT_WEIGHTEDZ	META_PVAL	-log10	AMP_NIH_PVAL	GNE_PVAL	UKB_CASE_PVAL	UKB_SIBLING_PROXY_PVAL	UKB_PARENT_PROXY_PVAL	AMP_NIH_NUMVAR	GNE_NUMVAR	UKB_CASE_NUMVAR	UKB_SIBLING_PROXY_NUMVAR	UKB_PARENT_PROXY_NUMVAR	TEST	VARIANT_GROUP	MAF	MIN_NUMVAR	META_ANALYSIS_GROUP
B3GNT3	3.7627128962512315	0.00016808011939440672	3.774483652104284	NA	0.0004551017125469	NA	NA	0.0694624	NA	3.0	NA	NA	3.0	CMCWald	ALL_LOF_HC_LOFTEE	0.001	2	META-GROUP3
TRAPPC3L	3.3006033083881463	0.000964771871982724	3.015575366916989	0.598795	0.0020760267795094	0.312286	0.427672	0.0486686	3.0	4.0	2.0	3.0	11.0	CMCWald	ALL_LOF_HC_LOFTEE	0.001	2	META-GROUP3
ANGEL2	3.186376810592727	0.0014406682623369336	2.841436011151796	NA	0.0095470924663894	0.0251551	NA	0.491362	NA	2.0	2.0	NA	10.0	CMCWald	ALL_LOF_HC_LOFTEE	0.001	2	META-GROUP3
RP11-400G3.5	3.112899632413066	0.0018525900862235362	2.732220664321094	NA	0.0018525900862235	NA	NA	NA	NA	10.0	NA	NA	NA	CMCWald	ALL_LOF_HC_LOFTEE	0.001	2	META-GROUP3
NOC2L	3.056221764227844	0.0022414540542561086	2.6494701589563636	NA	0.0022414540542561	NA	NA	NA	NA	15.0	NA	NA	NA	CMCWald	ALL_LOF_HC_LOFTEE	0.001	2	META-GROUP3
SLC17A1	-3.042402310276703	0.002346979837439067	2.629490641345833	NA	0.002346979837439	NA	NA	NA	NA	12.0	NA	NA	NA	CMCWald	ALL_LOF_HC_LOFTEE	0.001	2	META-GROUP3
CAPN10	3.0319251184535547	0.002429994771146659	2.614394660913867	NA	0.0111847897236652	0.00229306	0.104039	0.250972	NA	6.0	4.0	4.0	18.0	CMCWald	ALL_LOF_HC_LOFTEE	0.001	2	META-GROUP3
ZNF587B	3.0318646066294477	0.002430481939366744	2.6143076017700624	NA	0.0024304819393667	NA	NA	NA	NA	7.0	NA	NA	NA	CMCWald	ALL_LOF_HC_LOFTEE	0.001	2	META-GROUP3
ECD	2.968152239672924	0.002995959030507733	2.52346412987313	NA	0.123719215446128	0.0918517	NA	0.055374	NA	7.0	2.0	NA	4.0	CMCWald	ALL_LOF_HC_LOFTEE	0.001	2	META-GROUP3
SPINK4	2.9538173935838454	0.003138696669075228	2.503250653497855	NA	0.0031386966690752	NA	NA	NA	NA	2.0	NA	NA	NA	CMCWald	ALL_LOF_HC_LOFTEE	0.001	2	META-GROUP3
FLYWCH1	2.9367584241373876	0.00331662354944501	2.479303819911573	NA	0.0698803743089678	0.407921	NA	0.0144303	NA	14.0	3.0	NA	17.0	CMCWald	ALL_LOF_HC_LOFTEE	0.001	2	META-GROUP3
LY6K	2.9354628482829033	0.0033305049089437312	2.4774899218853377	NA	0.0033305049089437	NA	NA	NA	NA	4.0	NA	NA	NA	CMCWald	ALL_LOF_HC_LOFTEE	0.001	2	META-GROUP3
USP13	2.910664026056153	0.00360661604781899	2.442900089228362	NA	0.0036066160478189	NA	NA	NA	NA	6.0	NA	NA	NA	CMCWald	ALL_LOF_HC_LOFTEE	0.001	2	META-GROUP3
ULK4	2.8658699138572468	0.004158650953848297	2.3810475295458753	NA	0.253991440943902	0.00106552	0.217623	0.931843	NA	17.0	12.0	7.0	26.0	CMCWald	ALL_LOF_HC_LOFTEE	0.001	2	META-GROUP3
KCNA3	2.821557982124335	0.004779099739915244	2.3206539056493662	NA	0.0599642476389752	NA	NA	0.0349244	NA	3.0	NA	NA	5.0	CMCWald	ALL_LOF_HC_LOFTEE	0.001	2	META-GROUP3
KIN	2.806766914058083	0.005004143607014746	2.3006702355815043	NA	0.0050041436070147	NA	NA	NA	NA	8.0	NA	NA	NA	CMCWald	ALL_LOF_HC_LOFTEE	0.001	2	META-GROUP3
MYL1	2.7369428798787965	0.006201305958530651	2.207516841008541	NA	0.206082374237051	NA	NA	0.00915505	NA	3.0	NA	NA	2.0	CMCWald	ALL_LOF_HC_LOFTEE	0.001	2	META-GROUP3
ING1	2.6961686032346894	0.007014215341954658	2.154020905066005	NA	0.0543741447748026	0.562926	NA	0.0301918	NA	7.0	4.0	NA	7.0	CMCWald	ALL_LOF_HC_LOFTEE	0.001	2	META-GROUP3
TOX2	2.694330660905949	0.007053015571577561	2.1516251573233065	NA	0.0070530155715774	NA	NA	NA	NA	3.0	NA	NA	NA	CMCWald	ALL_LOF_HC_LOFTEE	0.001	2	META-GROUP3
ANKRD35	2.6913700372967484	0.00711592176560694	2.14776883531436	0.23589	0.0087710527736246	NA	NA	NA	3.0	11.0	NA	NA	NA	CMCWald	ALL_LOF_HC_LOFTEE	0.001	2	META-GROUP3
FER1L5	2.6816216155770527	0.00732662781441824	2.1350958696388114	NA	0.0073266278144184	NA	NA	NA	NA	16.0	NA	NA	NA	CMCWald	ALL_LOF_HC_LOFTEE	0.001	2	META-GROUP3
PRMT2	2.6617244320344113	0.007774149496645693	2.1093471121554823	NA	0.0077741494966456	NA	NA	NA	NA	5.0	NA	NA	NA	CMCWald	ALL_LOF_HC_LOFTEE	0.001	2	META-GROUP3
ASPDH	2.650703451132342	0.008032433335630937	2.095152870144669	NA	0.008032433335631	NA	NA	NA	NA	5.0	NA	NA	NA	CMCWald	ALL_LOF_HC_LOFTEE	0.001	2	META-GROUP3
CYP2C18	2.636884802061022	0.008367124079129332	2.077423790655541	NA	0.0083671240791291	NA	NA	NA	NA	7.0	NA	NA	NA	CMCWald	ALL_LOF_HC_LOFTEE	0.001	2	META-GROUP3
AQP6	2.612915925039084	0.008977338346068845	2.046852406423818	NA	0.008977338346069	NA	NA	NA	NA	3.0	NA	NA	NA	CMCWald	ALL_LOF_HC_LOFTEE	0.001	2	META-GROUP3
 
COHORT: META-GROUP3; APPROACH: RESULTS_WEIGHTEDZ_CMCWALD; VARIANT GROUP: ALL_LOF_HC_LOFTEE; MAF: 0.01; NUMVAR >= 2
GENE	TEST_STAT_WEIGHTEDZ	META_PVAL	-log10	AMP_NIH_PVAL	GNE_PVAL	UKB_CASE_PVAL	UKB_SIBLING_PROXY_PVAL	UKB_PARENT_PROXY_PVAL	AMP_NIH_NUMVAR	GNE_NUMVAR	UKB_CASE_NUMVAR	UKB_SIBLING_PROXY_NUMVAR	UKB_PARENT_PROXY_NUMVAR	TEST	VARIANT_GROUP	MAF	MIN_NUMVAR	META_ANALYSIS_GROUP
SOAT2	3.908428183988485	9.289855318303369e-05	4.031991049725602	NA	0.0217959810802337	0.0498089	0.00736437	0.378072	NA	8.0	6.0	7.0	13.0	CMCWald	ALL_LOF_HC_LOFTEE	0.01	2	META-GROUP3
B3GNT3	3.7627128962512315	0.00016808011939440672	3.774483652104284	NA	0.0004551017125469	NA	NA	0.0694624	NA	3.0	NA	NA	3.0	CMCWald	ALL_LOF_HC_LOFTEE	0.01	2	META-GROUP3
TRAPPC3L	3.3006033083881463	0.000964771871982724	3.015575366916989	0.598795	0.0020760267795094	0.312286	0.427672	0.0486686	3.0	4.0	2.0	3.0	11.0	CMCWald	ALL_LOF_HC_LOFTEE	0.01	2	META-GROUP3
ANGEL2	3.186376810592727	0.0014406682623369336	2.841436011151796	NA	0.0095470924663894	0.0251551	NA	0.491362	NA	2.0	2.0	NA	10.0	CMCWald	ALL_LOF_HC_LOFTEE	0.01	2	META-GROUP3
PHKB	-3.1459931472039195	0.0016552388394485283	2.7811393316944986	0.038219	0.112281879679084	0.0906565	0.281883	0.544453	5.0	14.0	16.0	11.0	28.0	CMCWald	ALL_LOF_HC_LOFTEE	0.01	2	META-GROUP3
RP11-400G3.5	3.112899632413066	0.0018525900862235362	2.732220664321094	NA	0.0018525900862235	NA	NA	NA	NA	10.0	NA	NA	NA	CMCWald	ALL_LOF_HC_LOFTEE	0.01	2	META-GROUP3
NOC2L	3.056221764227844	0.0022414540542561086	2.6494701589563636	NA	0.0022414540542561	NA	NA	NA	NA	15.0	NA	NA	NA	CMCWald	ALL_LOF_HC_LOFTEE	0.01	2	META-GROUP3
SLC17A1	-3.042402310276703	0.002346979837439067	2.629490641345833	NA	0.002346979837439	NA	NA	NA	NA	12.0	NA	NA	NA	CMCWald	ALL_LOF_HC_LOFTEE	0.01	2	META-GROUP3
CAPN10	3.0319251184535547	0.002429994771146659	2.614394660913867	NA	0.0111847897236652	0.00229306	0.104039	0.250972	NA	6.0	4.0	4.0	18.0	CMCWald	ALL_LOF_HC_LOFTEE	0.01	2	META-GROUP3
ZNF587B	3.0318646066294477	0.002430481939366744	2.6143076017700624	NA	0.0024304819393667	NA	NA	NA	NA	7.0	NA	NA	NA	CMCWald	ALL_LOF_HC_LOFTEE	0.01	2	META-GROUP3
ECD	2.968152239672924	0.002995959030507733	2.52346412987313	NA	0.123719215446128	0.0918517	NA	0.055374	NA	7.0	2.0	NA	4.0	CMCWald	ALL_LOF_HC_LOFTEE	0.01	2	META-GROUP3
SPINK4	2.9538173935838454	0.003138696669075228	2.503250653497855	NA	0.0031386966690752	NA	NA	NA	NA	2.0	NA	NA	NA	CMCWald	ALL_LOF_HC_LOFTEE	0.01	2	META-GROUP3
FLYWCH1	2.9367584241373876	0.00331662354944501	2.479303819911573	NA	0.0698803743089678	0.407921	NA	0.0144303	NA	14.0	3.0	NA	17.0	CMCWald	ALL_LOF_HC_LOFTEE	0.01	2	META-GROUP3
LY6K	2.9354628482829033	0.0033305049089437312	2.4774899218853377	NA	0.0033305049089437	NA	NA	NA	NA	4.0	NA	NA	NA	CMCWald	ALL_LOF_HC_LOFTEE	0.01	2	META-GROUP3
USP13	2.910664026056153	0.00360661604781899	2.442900089228362	NA	0.0036066160478189	NA	NA	NA	NA	6.0	NA	NA	NA	CMCWald	ALL_LOF_HC_LOFTEE	0.01	2	META-GROUP3
KCNA3	2.821557982124335	0.004779099739915244	2.3206539056493662	NA	0.0599642476389752	NA	NA	0.0349244	NA	3.0	NA	NA	5.0	CMCWald	ALL_LOF_HC_LOFTEE	0.01	2	META-GROUP3
KIN	2.806766914058083	0.005004143607014746	2.3006702355815043	NA	0.0050041436070147	NA	NA	NA	NA	8.0	NA	NA	NA	CMCWald	ALL_LOF_HC_LOFTEE	0.01	2	META-GROUP3
IGFLR1	2.7608778415057946	0.0057646233848314	2.239229060829357	NA	0.181306001493002	0.145505	NA	0.0466317	NA	7.0	3.0	NA	7.0	CMCWald	ALL_LOF_HC_LOFTEE	0.01	2	META-GROUP3
ING1	2.6961686032346894	0.007014215341954658	2.154020905066005	NA	0.0543741447748026	0.562926	NA	0.0301918	NA	7.0	4.0	NA	7.0	CMCWald	ALL_LOF_HC_LOFTEE	0.01	2	META-GROUP3
TOX2	2.694330660905949	0.007053015571577561	2.1516251573233065	NA	0.0070530155715774	NA	NA	NA	NA	3.0	NA	NA	NA	CMCWald	ALL_LOF_HC_LOFTEE	0.01	2	META-GROUP3
ANKRD35	2.6913700372967484	0.00711592176560694	2.14776883531436	0.23589	0.0087710527736246	NA	NA	NA	3.0	11.0	NA	NA	NA	CMCWald	ALL_LOF_HC_LOFTEE	0.01	2	META-GROUP3
ADGRF3	2.6864103492417124	0.007222432729022049	2.1413164945582652	0.41028	0.838311397136383	0.0881109	0.0671713	0.148863	3.0	13.0	6.0	5.0	17.0	CMCWald	ALL_LOF_HC_LOFTEE	0.01	2	META-GROUP3
FER1L5	2.6816216155770527	0.00732662781441824	2.1350958696388114	NA	0.0073266278144184	NA	NA	NA	NA	16.0	NA	NA	NA	CMCWald	ALL_LOF_HC_LOFTEE	0.01	2	META-GROUP3
PRMT2	2.6617244320344113	0.007774149496645693	2.1093471121554823	NA	0.0077741494966456	NA	NA	NA	NA	5.0	NA	NA	NA	CMCWald	ALL_LOF_HC_LOFTEE	0.01	2	META-GROUP3
ASPDH	2.650703451132342	0.008032433335630937	2.095152870144669	NA	0.008032433335631	NA	NA	NA	NA	5.0	NA	NA	NA	CMCWald	ALL_LOF_HC_LOFTEE	0.01	2	META-GROUP3
 
COHORT: META-GROUP3; APPROACH: RESULTS_WEIGHTEDZ_CMCWALD; VARIANT GROUP: ALL_MODERATE_HIGH_IMPACT_SNPEFF; MAF: 0.001; NUMVAR >= 2
GENE	TEST_STAT_WEIGHTEDZ	META_PVAL	-log10	AMP_NIH_PVAL	GNE_PVAL	UKB_CASE_PVAL	UKB_SIBLING_PROXY_PVAL	UKB_PARENT_PROXY_PVAL	AMP_NIH_NUMVAR	GNE_NUMVAR	UKB_CASE_NUMVAR	UKB_SIBLING_PROXY_NUMVAR	UKB_PARENT_PROXY_NUMVAR	TEST	VARIANT_GROUP	MAF	MIN_NUMVAR	META_ANALYSIS_GROUP
GBA	8.083254279505589	6.306094524904238e-16	15.200239523702823	0.013579	0.0664078248262314	6.66843e-06	0.00126106	1.52088e-09	15.0	19.0	35.0	26.0	87.0	CMCWald	ALL_MODERATE_HIGH_IMPACT_SNPEFF	0.001	2	META-GROUP3
SEPT5-GP1BB	4.030623611488575	5.56290639510714e-05	4.254698247704411	0.71969	NA	0.444844	3.22584e-05	0.0054121	5.0	NA	37.0	17.0	98.0	CMCWald	ALL_MODERATE_HIGH_IMPACT_SNPEFF	0.001	2	META-GROUP3
SEPTIN5	3.864776450574089	0.0001111909900536545	3.953930402758568	0.87292	NA	0.123177	0.000541387	0.0102099	6.0	NA	22.0	10.0	56.0	CMCWald	ALL_MODERATE_HIGH_IMPACT_SNPEFF	0.001	2	META-GROUP3
CFAP52	-3.7893940420141456	0.00015101520751876758	3.820979316223863	0.0152275	0.010622818696429	0.387442	0.619919	0.0330625	13.0	66.0	33.0	27.0	89.0	CMCWald	ALL_MODERATE_HIGH_IMPACT_SNPEFF	0.001	2	META-GROUP3
MET	-3.601034735985961	0.00031695322226163566	3.49900482867404	0.0249452	0.0496486096306934	0.61026	0.314015	0.000808668	25.0	109.0	60.0	50.0	192.0	CMCWald	ALL_MODERATE_HIGH_IMPACT_SNPEFF	0.001	2	META-GROUP3
H2BC21	3.5925756108418483	0.0003274256046808147	3.4848873617695677	0.00805997	NA	0.302604	0.825668	0.00102168	3.0	NA	4.0	4.0	14.0	CMCWald	ALL_MODERATE_HIGH_IMPACT_SNPEFF	0.001	2	META-GROUP3
IRX6	3.588104668013808	0.0003330905768476976	3.4774376533518554	0.126354	0.134920439441739	0.126482	0.499665	0.00516634	13.0	63.0	43.0	28.0	104.0	CMCWald	ALL_MODERATE_HIGH_IMPACT_SNPEFF	0.001	2	META-GROUP3
C11orf63	3.554628543098328	0.0003785134359892994	3.4219186998562585	NA	0.0003785134359892	NA	NA	NA	NA	78.0	NA	NA	NA	CMCWald	ALL_MODERATE_HIGH_IMPACT_SNPEFF	0.001	2	META-GROUP3
LOC101928123	3.510379837656434	0.00044746699910850116	3.3492389885794935	NA	NA	0.053319	0.0611553	0.0228794	NA	NA	5.0	2.0	12.0	CMCWald	ALL_MODERATE_HIGH_IMPACT_SNPEFF	0.001	2	META-GROUP3
MMP8	3.4904868706740935	0.0004821413026942664	3.3168256630329123	0.449807	0.0594437056813451	0.074169	0.000273212	0.794328	16.0	56.0	35.0	19.0	93.0	CMCWald	ALL_MODERATE_HIGH_IMPACT_SNPEFF	0.001	2	META-GROUP3
TRRAP	3.4891412430752387	0.00048457503063662	3.314638968110432	0.837184	0.0109669615330286	0.453757	0.00953145	0.0870498	33.0	190.0	121.0	94.0	384.0	CMCWald	ALL_MODERATE_HIGH_IMPACT_SNPEFF	0.001	2	META-GROUP3
TRMT12	3.47105119869741	0.0005184251431199108	3.285313943762776	0.0331734	0.664181946455621	0.0302281	0.17513	0.0940538	10.0	44.0	18.0	19.0	63.0	CMCWald	ALL_MODERATE_HIGH_IMPACT_SNPEFF	0.001	2	META-GROUP3
USP25	3.4408224833722927	0.000579948883376401	3.2366102834127037	0.779995	0.067634652464424	0.277528	0.01102	0.0500898	14.0	71.0	54.0	30.0	135.0	CMCWald	ALL_MODERATE_HIGH_IMPACT_SNPEFF	0.001	2	META-GROUP3
IPO4	-3.4375502596385954	0.0005870017708441926	3.2313605885876475	0.113028	0.861818051232968	0.131111	0.019719	0.0149113	28.0	135.0	66.0	48.0	209.0	CMCWald	ALL_MODERATE_HIGH_IMPACT_SNPEFF	0.001	2	META-GROUP3
BOLA1	3.4093279456054857	0.0006512314214647137	3.186264653205581	0.0881355	0.0013173145056984	0.0668723	0.742774	0.229499	5.0	15.0	9.0	6.0	28.0	CMCWald	ALL_MODERATE_HIGH_IMPACT_SNPEFF	0.001	2	META-GROUP3
NOP53	3.4021026337919373	0.0006686952020343285	3.174771792902225	0.0125628	NA	0.00595379	0.735497	0.05799	28.0	NA	49.0	37.0	134.0	CMCWald	ALL_MODERATE_HIGH_IMPACT_SNPEFF	0.001	2	META-GROUP3
EVX1-AS	3.3921454688050936	0.0006934761207422093	3.158968488892701	0.547258	NA	0.0263825	0.199177	0.00740682	15.0	NA	31.0	21.0	61.0	CMCWald	ALL_MODERATE_HIGH_IMPACT_SNPEFF	0.001	2	META-GROUP3
P2RY10	3.367263772576355	0.0007591803658954411	3.119655032263495	NA	NA	0.182124	0.27074	0.000682143	NA	NA	2.0	7.0	18.0	CMCWald	ALL_MODERATE_HIGH_IMPACT_SNPEFF	0.001	2	META-GROUP3
ENDOU	-3.3639956012123267	0.000768227676478476	3.1145100508217616	0.00687814	0.272076016270057	0.14055	0.937166	0.0200072	15.0	42.0	25.0	21.0	73.0	CMCWald	ALL_MODERATE_HIGH_IMPACT_SNPEFF	0.001	2	META-GROUP3
GPER1	-3.3145944745246805	0.0009177616095743827	3.037270113016074	0.320191	0.329874223178001	0.0785234	0.117286	0.0342059	18.0	75.0	31.0	32.0	91.0	CMCWald	ALL_MODERATE_HIGH_IMPACT_SNPEFF	0.001	2	META-GROUP3
ZNHIT6	3.302531618053778	0.0009581628518590884	3.0185606708243053	0.0135548	0.737218268004787	0.338801	0.0151821	0.231789	12.0	54.0	18.0	16.0	63.0	CMCWald	ALL_MODERATE_HIGH_IMPACT_SNPEFF	0.001	2	META-GROUP3
GNAT1	3.274822542028401	0.0010572836656487067	2.9758084773111775	0.241307	0.19424405310133	0.00926509	0.131319	0.458188	9.0	30.0	23.0	16.0	53.0	CMCWald	ALL_MODERATE_HIGH_IMPACT_SNPEFF	0.001	2	META-GROUP3
TREML1	3.266793782660145	0.0010877288238461463	2.9634793628973806	0.33677	0.376818351378811	0.884491	0.00443467	1.12918e-05	9.0	38.0	19.0	15.0	66.0	CMCWald	ALL_MODERATE_HIGH_IMPACT_SNPEFF	0.001	2	META-GROUP3
ZNF567	3.264152492166787	0.0010979205573477468	2.959429083158869	0.3629	0.884563963989027	0.0387809	0.0990835	0.00482657	7.0	44.0	23.0	19.0	68.0	CMCWald	ALL_MODERATE_HIGH_IMPACT_SNPEFF	0.001	2	META-GROUP3
RNF114	3.2447924585482766	0.0011753625352584902	2.9298281565600375	0.750554	0.0002560120421331	0.127518	0.379046	0.130101	6.0	23.0	14.0	9.0	36.0	CMCWald	ALL_MODERATE_HIGH_IMPACT_SNPEFF	0.001	2	META-GROUP3
 
COHORT: META-GROUP3; APPROACH: RESULTS_WEIGHTEDZ_CMCWALD; VARIANT GROUP: ALL_MODERATE_HIGH_IMPACT_SNPEFF; MAF: 0.01; NUMVAR >= 2
GENE	TEST_STAT_WEIGHTEDZ	META_PVAL	-log10	AMP_NIH_PVAL	GNE_PVAL	UKB_CASE_PVAL	UKB_SIBLING_PROXY_PVAL	UKB_PARENT_PROXY_PVAL	AMP_NIH_NUMVAR	GNE_NUMVAR	UKB_CASE_NUMVAR	UKB_SIBLING_PROXY_NUMVAR	UKB_PARENT_PROXY_NUMVAR	TEST	VARIANT_GROUP	MAF	MIN_NUMVAR	META_ANALYSIS_GROUP
GBA	9.921289859056557	3.363806675655422e-23	22.47316897188384	1.21058e-05	2.25118087878369e-07	2.79129e-05	0.0739456	2.83539e-11	17.0	21.0	37.0	28.0	89.0	CMCWald	ALL_MODERATE_HIGH_IMPACT_SNPEFF	0.01	2	META-GROUP3
ZNF777	4.161655573585447	3.159486398394566e-05	4.50038350993598	0.610538	0.37754878560613	0.00255789	0.000578957	0.145302	13.0	61.0	29.0	22.0	107.0	CMCWald	ALL_MODERATE_HIGH_IMPACT_SNPEFF	0.01	2	META-GROUP3
LSR	4.120756680284064	3.776300845921824e-05	4.42293341413055	0.0402064	0.0919323425032511	0.00613252	0.0110711	0.844361	26.0	83.0	55.0	38.0	143.0	CMCWald	ALL_MODERATE_HIGH_IMPACT_SNPEFF	0.01	2	META-GROUP3
SEPTIN5	3.864776450574089	0.0001111909900536545	3.953930402758568	0.87292	NA	0.123177	0.000541387	0.0102099	6.0	NA	22.0	10.0	56.0	CMCWald	ALL_MODERATE_HIGH_IMPACT_SNPEFF	0.01	2	META-GROUP3
NUP210	3.79542487975457	0.00014739081977058245	3.8315295656434443	0.089809	0.0153476659529858	0.0208605	0.329397	0.279908	65.0	212.0	138.0	89.0	369.0	CMCWald	ALL_MODERATE_HIGH_IMPACT_SNPEFF	0.01	2	META-GROUP3
EEA1	3.7625971934659166	0.000168157924118309	3.77428266257611	0.56203	0.0243073559565939	2.28064e-06	0.59555	0.746135	28.0	92.0	55.0	35.0	165.0	CMCWald	ALL_MODERATE_HIGH_IMPACT_SNPEFF	0.01	2	META-GROUP3
IRX6	3.588104668013808	0.0003330905768476976	3.4774376533518554	0.126354	0.134920439441739	0.126482	0.499665	0.00516634	13.0	63.0	43.0	28.0	104.0	CMCWald	ALL_MODERATE_HIGH_IMPACT_SNPEFF	0.01	2	META-GROUP3
CGN	3.5573664244015037	0.00037459147066836796	3.4264421155988862	0.0185687	0.110189975975502	0.145632	0.0322107	0.684625	51.0	156.0	104.0	68.0	268.0	CMCWald	ALL_MODERATE_HIGH_IMPACT_SNPEFF	0.01	2	META-GROUP3
PUS7L	3.5483216792827346	0.0003876944161955901	3.4115104539138796	0.871901	0.0838200550596345	0.0307465	0.0366315	0.0343108	29.0	78.0	49.0	28.0	121.0	CMCWald	ALL_MODERATE_HIGH_IMPACT_SNPEFF	0.01	2	META-GROUP3
LOC101928123	3.510379837656434	0.00044746699910850116	3.3492389885794935	NA	NA	0.053319	0.0611553	0.0228794	NA	NA	5.0	2.0	12.0	CMCWald	ALL_MODERATE_HIGH_IMPACT_SNPEFF	0.01	2	META-GROUP3
TRRAP	3.4891412430752387	0.00048457503063662	3.314638968110432	0.837184	0.0109669615330286	0.453757	0.00953145	0.0870498	33.0	190.0	121.0	94.0	384.0	CMCWald	ALL_MODERATE_HIGH_IMPACT_SNPEFF	0.01	2	META-GROUP3
IPO4	-3.483856767933187	0.0004942439113317663	3.306058672123149	0.0241416	0.958789301666474	0.178761	0.0318551	0.0360705	31.0	136.0	67.0	49.0	210.0	CMCWald	ALL_MODERATE_HIGH_IMPACT_SNPEFF	0.01	2	META-GROUP3
TRMT12	3.47105119869741	0.0005184251431199108	3.285313943762776	0.0331734	0.664181946455621	0.0302281	0.17513	0.0940538	10.0	44.0	18.0	19.0	63.0	CMCWald	ALL_MODERATE_HIGH_IMPACT_SNPEFF	0.01	2	META-GROUP3
IPP	-3.428408625564572	0.0006071308744153166	3.2167176813960925	0.884062	0.0191104176431278	0.240488	0.165796	0.00886122	12.0	51.0	33.0	17.0	94.0	CMCWald	ALL_MODERATE_HIGH_IMPACT_SNPEFF	0.01	2	META-GROUP3
PTGDR	-3.423355855260145	0.0006185304651360815	3.208638904741976	0.180814	0.0564059843856792	0.364753	0.108604	0.0577136	15.0	41.0	27.0	21.0	77.0	CMCWald	ALL_MODERATE_HIGH_IMPACT_SNPEFF	0.01	2	META-GROUP3
OR51I1	3.4219137485463755	0.0006218203593199432	3.206335062615188	0.321176	0.011248915413039	0.271792	0.217812	0.0729085	15.0	39.0	21.0	18.0	56.0	CMCWald	ALL_MODERATE_HIGH_IMPACT_SNPEFF	0.01	2	META-GROUP3
P2RY10	3.367263772576355	0.0007591803658954411	3.119655032263495	NA	NA	0.182124	0.27074	0.000682143	NA	NA	2.0	7.0	18.0	CMCWald	ALL_MODERATE_HIGH_IMPACT_SNPEFF	0.01	2	META-GROUP3
RNF114	3.355958476990681	0.000790904424959522	3.1018759946572394	0.168915	0.0002560120421331	0.0590455	0.827578	0.713902	9.0	23.0	16.0	10.0	38.0	CMCWald	ALL_MODERATE_HIGH_IMPACT_SNPEFF	0.01	2	META-GROUP3
PRSS55	-3.2836734097386584	0.0010246358608545904	2.9894304484804426	0.420659	0.0714365253277897	0.0453837	0.0734837	0.345349	29.0	72.0	45.0	34.0	114.0	CMCWald	ALL_MODERATE_HIGH_IMPACT_SNPEFF	0.01	2	META-GROUP3
GNAT1	3.274822542028401	0.0010572836656487067	2.9758084773111775	0.241307	0.19424405310133	0.00926509	0.131319	0.458188	9.0	30.0	23.0	16.0	53.0	CMCWald	ALL_MODERATE_HIGH_IMPACT_SNPEFF	0.01	2	META-GROUP3
HIVEP2	3.2543013093794664	0.0011367164494714703	2.9443478552661877	0.528655	0.157418878797493	0.0898614	0.145996	0.0372502	44.0	173.0	114.0	77.0	303.0	CMCWald	ALL_MODERATE_HIGH_IMPACT_SNPEFF	0.01	2	META-GROUP3
H2BC21	3.2331980598257704	0.0012241266191287954	2.9121736580524997	0.00805997	NA	0.291404	0.825668	0.0110362	3.0	NA	5.0	4.0	15.0	CMCWald	ALL_MODERATE_HIGH_IMPACT_SNPEFF	0.01	2	META-GROUP3
LRRK2	3.2175714796149317	0.0012928080907905048	2.888465938612593	0.00929857	0.0411868171620675	0.242131	0.360168	0.640166	58.0	200.0	129.0	79.0	373.0	CMCWald	ALL_MODERATE_HIGH_IMPACT_SNPEFF	0.01	2	META-GROUP3
EMC9	3.2062670784202347	0.0013446911819256521	2.8713774430853696	0.659414	0.743445339935949	0.00205911	0.534063	0.00697512	5.0	20.0	11.0	11.0	30.0	CMCWald	ALL_MODERATE_HIGH_IMPACT_SNPEFF	0.01	2	META-GROUP3
RP11-548K23.11	3.1992604069120008	0.0013778065622059318	2.860811751124705	NA	0.0013778065622059	NA	NA	NA	NA	33.0	NA	NA	NA	CMCWald	ALL_MODERATE_HIGH_IMPACT_SNPEFF	0.01	2	META-GROUP3
 
COHORT: META-GROUP3; APPROACH: RESULTS_WEIGHTEDZ_CMCWALD; VARIANT GROUP: ALL_LOF_HC_LOFTEE_and_CADD_20_VEP; MAF: 0.001; NUMVAR >= 2
GENE	TEST_STAT_WEIGHTEDZ	META_PVAL	-log10	AMP_NIH_PVAL	GNE_PVAL	UKB_CASE_PVAL	UKB_SIBLING_PROXY_PVAL	UKB_PARENT_PROXY_PVAL	AMP_NIH_NUMVAR	GNE_NUMVAR	UKB_CASE_NUMVAR	UKB_SIBLING_PROXY_NUMVAR	UKB_PARENT_PROXY_NUMVAR	TEST	VARIANT_GROUP	MAF	MIN_NUMVAR	META_ANALYSIS_GROUP
GBA	7.693804154800797	1.42823617011154e-14	13.845199972604942	0.0143439	0.0936823087648858	8.49417e-06	0.00184215	3.54492e-08	8.0	17.0	25.0	18.0	66.0	CMCWald	ALL_LOF_HC_LOFTEE_and_CADD_20_VEP	0.001	2	META-GROUP3
STK38L	3.8736036227016677	0.00010723777881956489	3.9696521899931154	NA	5.51846481277504e-05	0.393545	0.189375	0.121366	NA	9.0	7.0	4.0	34.0	CMCWald	ALL_LOF_HC_LOFTEE_and_CADD_20_VEP	0.001	2	META-GROUP3
CDKN2C	3.563032010133923	0.000366595957008831	3.4358123289494626	NA	0.685993829602536	0.00338979	0.024138	0.124329	NA	8.0	6.0	4.0	20.0	CMCWald	ALL_LOF_HC_LOFTEE_and_CADD_20_VEP	0.001	2	META-GROUP3
PRB1	3.5437398584567084	0.00039449428571050106	3.403959283208353	NA	NA	0.0102435	0.0566925	0.0959551	NA	NA	12.0	5.0	25.0	CMCWald	ALL_LOF_HC_LOFTEE_and_CADD_20_VEP	0.001	2	META-GROUP3
CFAP52	-3.506593218635506	0.00045388242487275456	3.3430566335791534	0.0133666	0.0732220056477578	0.417642	0.513867	0.0346572	8.0	51.0	21.0	22.0	73.0	CMCWald	ALL_LOF_HC_LOFTEE_and_CADD_20_VEP	0.001	2	META-GROUP3
MET	-3.4978663505611016	0.00046899609277816726	3.32883077539142	0.0153646	0.0858891855021408	0.710957	0.222734	0.00463161	18.0	68.0	39.0	33.0	120.0	CMCWald	ALL_LOF_HC_LOFTEE_and_CADD_20_VEP	0.001	2	META-GROUP3
SEMA5A	3.3237052036851176	0.0008883004288275471	3.051440128235075	0.504867	0.0095889036927349	0.967442	0.00435723	0.172375	23.0	78.0	57.0	28.0	140.0	CMCWald	ALL_LOF_HC_LOFTEE_and_CADD_20_VEP	0.001	2	META-GROUP3
SORCS3	-3.299509510863997	0.0009685394557083946	3.0138826825882306	0.00978415	0.0719869391006683	0.456337	0.208899	0.0130039	24.0	71.0	57.0	42.0	160.0	CMCWald	ALL_LOF_HC_LOFTEE_and_CADD_20_VEP	0.001	2	META-GROUP3
USP25	3.2840361001499327	0.0010233181351703973	2.9899893292691657	0.779995	0.0541583323538772	0.542991	0.00249265	0.132093	14.0	61.0	53.0	29.0	131.0	CMCWald	ALL_LOF_HC_LOFTEE_and_CADD_20_VEP	0.001	2	META-GROUP3
ZNF883	3.2726777444263475	0.0010653386492330403	2.9725123169999716	0.0957115	0.265670551230994	0.132117	0.0117592	0.607436	8.0	28.0	9.0	15.0	49.0	CMCWald	ALL_LOF_HC_LOFTEE_and_CADD_20_VEP	0.001	2	META-GROUP3
KIF2C	3.2721210558702776	0.0010674386039768377	2.971657094964178	0.0140444	0.736275240062326	0.00158573	0.212962	0.427567	6.0	29.0	30.0	18.0	76.0	CMCWald	ALL_LOF_HC_LOFTEE_and_CADD_20_VEP	0.001	2	META-GROUP3
STAP2	3.2512524412782002	0.0011489778890466733	2.939688328802938	0.0796348	0.870062467907324	0.71243	0.00843205	0.00201528	5.0	26.0	10.0	16.0	53.0	CMCWald	ALL_LOF_HC_LOFTEE_and_CADD_20_VEP	0.001	2	META-GROUP3
ATP1A3	3.2356059535952104	0.0012138482618208781	2.9158355992348963	0.294198	0.100542168847295	0.044682	0.052261	0.551687	7.0	23.0	18.0	14.0	63.0	CMCWald	ALL_LOF_HC_LOFTEE_and_CADD_20_VEP	0.001	2	META-GROUP3
CCDC120	3.219996925146625	0.0012819197171450728	2.8921391725493804	NA	0.153853407082455	0.218986	0.0186007	0.152348	NA	8.0	19.0	13.0	68.0	CMCWald	ALL_LOF_HC_LOFTEE_and_CADD_20_VEP	0.001	2	META-GROUP3
NCS1	3.21077170078878	0.0013237905893681474	2.878180710572193	NA	0.240108371062944	0.0179518	0.0188051	0.59553	NA	4.0	5.0	5.0	14.0	CMCWald	ALL_LOF_HC_LOFTEE_and_CADD_20_VEP	0.001	2	META-GROUP3
TNFRSF17	3.1900555760526434	0.0014224543617773237	2.84696165867365	0.615879	0.0183246256400527	0.213358	0.859613	0.00435485	4.0	12.0	9.0	8.0	27.0	CMCWald	ALL_LOF_HC_LOFTEE_and_CADD_20_VEP	0.001	2	META-GROUP3
CGN	3.1878300845699727	0.0014334474355055344	2.8436182279971933	0.0175547	0.823643738042655	0.156725	0.137101	0.103606	30.0	109.0	73.0	44.0	203.0	CMCWald	ALL_LOF_HC_LOFTEE_and_CADD_20_VEP	0.001	2	META-GROUP3
UBXN6	3.1842443933738247	0.0014513242294175509	2.838235554263178	0.779886	0.0561258614663999	0.000500315	0.345521	0.612321	17.0	48.0	51.0	36.0	118.0	CMCWald	ALL_LOF_HC_LOFTEE_and_CADD_20_VEP	0.001	2	META-GROUP3
USF1	3.1696024119887207	0.0015264765380036682	2.8163098664349864	0.714263	0.447757891671353	0.0139513	0.0448421	0.134258	5.0	21.0	13.0	11.0	47.0	CMCWald	ALL_LOF_HC_LOFTEE_and_CADD_20_VEP	0.001	2	META-GROUP3
ATP8B2	3.164309064144547	0.0015545162293152007	2.8084047395164187	0.662348	0.100442402540804	0.0762632	0.556459	0.00840595	17.0	65.0	44.0	34.0	144.0	CMCWald	ALL_LOF_HC_LOFTEE_and_CADD_20_VEP	0.001	2	META-GROUP3
ANKRD29	-3.1631735585604837	0.0015605926320658872	2.8067104478246114	0.0494504	0.0461489375085295	0.0684409	0.800338	0.298641	10.0	31.0	21.0	15.0	55.0	CMCWald	ALL_LOF_HC_LOFTEE_and_CADD_20_VEP	0.001	2	META-GROUP3
BOLA1	3.1490401677798325	0.0016380767805351808	2.7856657456883926	0.140081	0.0008451693777209	0.0498924	0.742774	0.551363	4.0	14.0	8.0	6.0	25.0	CMCWald	ALL_LOF_HC_LOFTEE_and_CADD_20_VEP	0.001	2	META-GROUP3
RNF208	3.1442812372052855	0.0016649534475129822	2.7785979049629894	0.569748	0.1549173965184	0.0530917	0.284893	0.0417033	5.0	16.0	16.0	10.0	35.0	CMCWald	ALL_LOF_HC_LOFTEE_and_CADD_20_VEP	0.001	2	META-GROUP3
CES4A	3.126727891924352	0.0017676344799705788	2.7526075355579738	NA	0.134696676883072	0.0127016	0.365281	0.173754	NA	19.0	8.0	11.0	38.0	CMCWald	ALL_LOF_HC_LOFTEE_and_CADD_20_VEP	0.001	2	META-GROUP3
ACER1	-3.125975548858639	0.0017721628576120748	2.751496369970252	0.194032	0.0197131374686181	0.135343	0.273691	0.440457	8.0	23.0	13.0	11.0	43.0	CMCWald	ALL_LOF_HC_LOFTEE_and_CADD_20_VEP	0.001	2	META-GROUP3
 
COHORT: META-GROUP3; APPROACH: RESULTS_WEIGHTEDZ_CMCWALD; VARIANT GROUP: ALL_LOF_HC_LOFTEE_and_CADD_20_VEP; MAF: 0.01; NUMVAR >= 2
GENE	TEST_STAT_WEIGHTEDZ	META_PVAL	-log10	AMP_NIH_PVAL	GNE_PVAL	UKB_CASE_PVAL	UKB_SIBLING_PROXY_PVAL	UKB_PARENT_PROXY_PVAL	AMP_NIH_NUMVAR	GNE_NUMVAR	UKB_CASE_NUMVAR	UKB_SIBLING_PROXY_NUMVAR	UKB_PARENT_PROXY_NUMVAR	TEST	VARIANT_GROUP	MAF	MIN_NUMVAR	META_ANALYSIS_GROUP
GBA	9.369355497603731	7.297677227848132e-21	20.13681534914682	2.17967e-05	2.95295141531058e-07	8.61206e-05	0.126897	9.0515e-10	10.0	19.0	27.0	20.0	68.0	CMCWald	ALL_LOF_HC_LOFTEE_and_CADD_20_VEP	0.01	2	META-GROUP3
STK38L	3.8736036227016677	0.00010723777881956489	3.9696521899931154	NA	5.51846481277504e-05	0.393545	0.189375	0.121366	NA	9.0	7.0	4.0	34.0	CMCWald	ALL_LOF_HC_LOFTEE_and_CADD_20_VEP	0.01	2	META-GROUP3
HIVEP2	3.660444652149181	0.000251777938165974	3.598982327256528	0.260367	0.0188768583541468	0.17034	0.261556	0.0265762	25.0	90.0	79.0	57.0	215.0	CMCWald	ALL_LOF_HC_LOFTEE_and_CADD_20_VEP	0.01	2	META-GROUP3
CGN	3.6359231822214504	0.0002769868709540796	3.557540815799547	0.0118721	0.0911982488128765	0.332135	0.0601096	0.282229	36.0	112.0	78.0	49.0	207.0	CMCWald	ALL_LOF_HC_LOFTEE_and_CADD_20_VEP	0.01	2	META-GROUP3
CDKN2C	3.563032010133923	0.000366595957008831	3.4358123289494626	NA	0.685993829602536	0.00338979	0.024138	0.124329	NA	8.0	6.0	4.0	20.0	CMCWald	ALL_LOF_HC_LOFTEE_and_CADD_20_VEP	0.01	2	META-GROUP3
PRB1	3.5437398584567084	0.00039449428571050106	3.403959283208353	NA	NA	0.0102435	0.0566925	0.0959551	NA	NA	12.0	5.0	25.0	CMCWald	ALL_LOF_HC_LOFTEE_and_CADD_20_VEP	0.01	2	META-GROUP3
ZCCHC8	3.5375922830113664	0.00040379305212491897	3.393841158026773	0.493711	0.239017741947124	0.286457	0.0511616	0.00242627	9.0	33.0	16.0	12.0	51.0	CMCWald	ALL_LOF_HC_LOFTEE_and_CADD_20_VEP	0.01	2	META-GROUP3
DCDC2C	3.4335128746664494	0.0005958139070644053	3.224889364009793	6.9745e-05	0.873817608306816	0.535211	0.147877	0.14036	9.0	8.0	12.0	12.0	42.0	CMCWald	ALL_LOF_HC_LOFTEE_and_CADD_20_VEP	0.01	2	META-GROUP3
ZNF777	3.4280799604094216	0.0006078663916523173	3.216191867675658	0.213825	0.163742730567261	0.0502092	0.0169936	0.493536	7.0	31.0	25.0	12.0	72.0	CMCWald	ALL_LOF_HC_LOFTEE_and_CADD_20_VEP	0.01	2	META-GROUP3
SEC14L5	3.3629388116586405	0.0007711745481907468	3.1128473123037694	0.162661	0.0260498945152062	0.706507	0.00643867	0.425452	14.0	56.0	52.0	27.0	154.0	CMCWald	ALL_LOF_HC_LOFTEE_and_CADD_20_VEP	0.01	2	META-GROUP3
LSR	3.3525601013039834	0.0008006785515258495	3.096541805161784	0.0722847	0.347838514214644	0.00343661	0.0642193	0.987292	23.0	52.0	40.0	31.0	109.0	CMCWald	ALL_LOF_HC_LOFTEE_and_CADD_20_VEP	0.01	2	META-GROUP3
HYDIN	-3.3268166307267597	0.0008784415803330726	3.0562871154237885	0.0664961	0.568033178045452	0.0287292	0.0553445	0.0383093	46.0	161.0	136.0	96.0	375.0	CMCWald	ALL_LOF_HC_LOFTEE_and_CADD_20_VEP	0.01	2	META-GROUP3
FDFT1	-3.3203655053569046	0.0008989966404416761	3.0462419312260236	0.587631	0.0890033814362032	0.0397428	0.25308	0.047446	11.0	52.0	44.0	32.0	122.0	CMCWald	ALL_LOF_HC_LOFTEE_and_CADD_20_VEP	0.01	2	META-GROUP3
TAP1	3.28927275648723	0.0010044663115738395	2.9980646243143676	0.00349938	0.42100556237562	0.979322	0.0527243	0.0856124	12.0	29.0	24.0	17.0	80.0	CMCWald	ALL_LOF_HC_LOFTEE_and_CADD_20_VEP	0.01	2	META-GROUP3
NUP210	3.2853170350646628	0.0010186767876769938	2.9919635898843016	0.413915	0.21948263458509	0.00177768	0.395171	0.184863	37.0	132.0	95.0	59.0	261.0	CMCWald	ALL_LOF_HC_LOFTEE_and_CADD_20_VEP	0.01	2	META-GROUP3
USF1	3.2775731368950902	0.0010470360192813763	2.9800383778187007	0.714263	0.447757891671353	0.00693522	0.0448421	0.134258	5.0	21.0	14.0	11.0	47.0	CMCWald	ALL_LOF_HC_LOFTEE_and_CADD_20_VEP	0.01	2	META-GROUP3
SORCS3	-3.273774257888719	0.0010612135265856582	2.9741972229904334	0.00978415	0.0719869391006683	0.778623	0.47417	0.0522585	24.0	71.0	59.0	43.0	162.0	CMCWald	ALL_LOF_HC_LOFTEE_and_CADD_20_VEP	0.01	2	META-GROUP3
ARSA	3.270821193396434	0.001072356896485962	2.9696606508571093	0.227648	0.777965940484301	0.0950256	0.00025274	0.61958	9.0	42.0	25.0	19.0	76.0	CMCWald	ALL_LOF_HC_LOFTEE_and_CADD_20_VEP	0.01	2	META-GROUP3
STAP2	3.2512524412782002	0.0011489778890466733	2.939688328802938	0.0796348	0.870062467907324	0.71243	0.00843205	0.00201528	5.0	26.0	10.0	16.0	53.0	CMCWald	ALL_LOF_HC_LOFTEE_and_CADD_20_VEP	0.01	2	META-GROUP3
TMEM151A	-3.2397466073550554	0.001196359639083288	2.9221382469438657	0.000172228	0.214292120361903	0.161821	0.999192	0.396505	11.0	3.0	26.0	28.0	71.0	CMCWald	ALL_LOF_HC_LOFTEE_and_CADD_20_VEP	0.01	2	META-GROUP3
ATP1A3	3.2356059535952104	0.0012138482618208781	2.9158355992348963	0.294198	0.100542168847295	0.044682	0.052261	0.551687	7.0	23.0	18.0	14.0	63.0	CMCWald	ALL_LOF_HC_LOFTEE_and_CADD_20_VEP	0.01	2	META-GROUP3
ABI1	-3.2213644262413723	0.001275818076427409	2.8942112488409424	0.121734	0.0900481635746836	0.13067	0.156635	0.301807	7.0	33.0	24.0	22.0	78.0	CMCWald	ALL_LOF_HC_LOFTEE_and_CADD_20_VEP	0.01	2	META-GROUP3
USP31	3.2176626651734357	0.0012923971986894835	2.888603991999966	0.522039	0.0274018148721091	0.158185	0.108545	0.182536	24.0	74.0	68.0	38.0	180.0	CMCWald	ALL_LOF_HC_LOFTEE_and_CADD_20_VEP	0.01	2	META-GROUP3
LRRK2	3.212065085227844	0.0013178451590725446	2.8801356144087746	0.00415788	0.0072294240094887	0.307243	0.395443	0.810001	49.0	118.0	108.0	63.0	303.0	CMCWald	ALL_LOF_HC_LOFTEE_and_CADD_20_VEP	0.01	2	META-GROUP3
NCS1	3.21077170078878	0.0013237905893681474	2.878180710572193	NA	0.240108371062944	0.0179518	0.0188051	0.59553	NA	4.0	5.0	5.0	14.0	CMCWald	ALL_LOF_HC_LOFTEE_and_CADD_20_VEP	0.01	2	META-GROUP3
 
