GENE	TEST_STAT	META_PVAL	-log10	AMP_NIH_PVAL	GNE_PVAL	UKB_CASE_PVAL	UKB_SIBLING_PROXY_PVAL	UKB_PARENT_PROXY_PVAL	AMP_NIH_NUMVAR	GNE_NUMVAR	UKB_CASE_NUMVAR	UKB_SIBLING_PROXY_NUMVAR	UKB_PARENT_PROXY_NUMVAR	TEST	VARIANT_GROUP	MAF	MIN_NUMVAR	META_ANALYSIS_GROUP
GBA	89.89926150641509	4.874654161412364e-16	15.312056190451194	NA	0.0882048525585825	1.13472e-06	0.00058598	5.13286e-10	NA	19.0	35.0	26.0	87.0	SkatO	ALL_MODERATE_HIGH_IMPACT_SNPEFF	0.001	2	META-GROUP3
AUNIP	45.70883260243011	2.699948772490403e-07	6.5686444758542715	NA	0.0229353327748248	3.04329e-08	0.170061	1.0	NA	46.0	24.0	18.0	70.0	SkatO	ALL_MODERATE_HIGH_IMPACT_SNPEFF	0.001	2	META-GROUP3
TREML1	45.064645196644186	3.5776055102044053e-07	6.446407549231679	NA	0.0095624034259589	0.857978	0.00141225	1.41378e-05	NA	38.0	19.0	15.0	66.0	SkatO	ALL_MODERATE_HIGH_IMPACT_SNPEFF	0.001	2	META-GROUP3
SEPT5-GP1BB	39.9752767438315	4.60639245033871e-07	6.336639064253707	NA	NA	0.52497	5.44236e-07	0.00730394	NA	NA	37.0	17.0	98.0	SkatO	ALL_MODERATE_HIGH_IMPACT_SNPEFF	0.001	2	META-GROUP3
LRRK2	41.682915487148264	1.5529909690297615e-06	5.808831069778167	NA	1.69712117903398e-06	0.0522574	0.625302	0.0160221	NA	197.0	124.0	76.0	370.0	SkatO	ALL_MODERATE_HIGH_IMPACT_SNPEFF	0.001	2	META-GROUP3
OR1G1	41.07176001603586	2.0211743669465735e-06	5.6943962182332575	NA	0.0493959629086863	0.782067	1.02625e-06	0.0304223	NA	22.0	16.0	15.0	47.0	SkatO	ALL_MODERATE_HIGH_IMPACT_SNPEFF	0.001	2	META-GROUP3
DCAF15	39.67315752365569	3.6855068462202423e-06	5.433502777715381	NA	0.0124700556852674	9.67934e-05	0.0129034	0.155835	NA	42.0	31.0	23.0	88.0	SkatO	ALL_MODERATE_HIGH_IMPACT_SNPEFF	0.001	2	META-GROUP3
SEPTIN5	33.836475697178344	7.234588456701178e-06	5.140586168908074	NA	NA	0.168327	1.85808e-05	0.0143643	NA	NA	22.0	10.0	56.0	SkatO	ALL_MODERATE_HIGH_IMPACT_SNPEFF	0.001	2	META-GROUP3
P2RY10	33.38396230397093	8.844492483606954e-06	5.053327082809962	NA	NA	0.0509206	0.108352	1.02102e-05	NA	NA	2.0	7.0	18.0	SkatO	ALL_MODERATE_HIGH_IMPACT_SNPEFF	0.001	2	META-GROUP3
