COHORT: GNE_AMP_NIH_UKB_ALL_PD_PHENO_META; VARIANT GROUP: ALL_MISSENSE_SNPEFF; MAF: 0.001; NUMVAR >= 2
GENE	TEST_STAT_WEIGHTEDZ	META_PVAL	UKB_ALL_CASES_BETA	UKB_ALL_CASES_SE	UKB_ALL_CASES_PVAL	AMP_NIH_BETA	AMP_NIH_SE	AMP_NIH_PVAL	GNE_BETA	GNE_SE	GNE_PVAL	UKB_ALL_CASES_NUMVAR	AMP_NIH_NUMVAR	GNE_NUMVAR	TEST	VARIANT_GROUP	MAF	MIN_NUMVAR	NTOTAL	META_ANALYSIS_GROUP
GBA	6.835495266214789	8.17221975674843e-12	0.867041	0.122605	1.52885e-12	0.87011	0.352526	0.013579	1.08402952257042	0.471443072375037	0.0214830395852572	83.0	15.0	16.0	CMCWald	ALL_MISSENSE_SNPEFF	0.001	2	65543	meta_GNE_AMP_NIH_noRelateds_UKB_EXOM_ALL_PD_PHENOTYPES_CONTROL_2021
P2RY10	4.135326419882734	3.5445044892598045e-05	1.51214	0.365664	3.54451e-05	NA	NA	NA	NA	NA	NA	19.0	NA	NA	CMCWald	ALL_MISSENSE_SNPEFF	0.001	2	65543	meta_GNE_AMP_NIH_noRelateds_UKB_EXOM_ALL_PD_PHENOTYPES_CONTROL_2021
MET	-4.098580332974745	4.156919643690463e-05	-0.349222	0.12108	0.00392371	-0.52554	0.237313	0.0267918	-0.362638804910361	0.181303048169148	0.0454807865751501	190.0	24.0	97.0	CMCWald	ALL_MISSENSE_SNPEFF	0.001	2	65543	meta_GNE_AMP_NIH_noRelateds_UKB_EXOM_ALL_PD_PHENOTYPES_CONTROL_2021
CFAP52	-3.978775451257067	6.92711253137519e-05	-0.365452	0.165489	0.027222	-0.852688	0.351345	0.0152275	-0.6231134543155	0.276178267504769	0.0240580978725804	93.0	13.0	57.0	CMCWald	ALL_MISSENSE_SNPEFF	0.001	2	65543	meta_GNE_AMP_NIH_noRelateds_UKB_EXOM_ALL_PD_PHENOTYPES_CONTROL_2021
H2BC21	3.958969974767373	7.527369825022631e-05	1.17313	0.40873	0.00410243	1.83914	0.674012	0.00635946	NA	NA	NA	13.0	2.0	NA	CMCWald	ALL_MISSENSE_SNPEFF	0.001	2	65543	meta_GNE_AMP_NIH_noRelateds_UKB_EXOM_ALL_PD_PHENOTYPES_CONTROL_2021
STK38L	3.9023338881736325	9.526961690979588e-05	0.528891	0.254033	0.0373442	1.22117	1.33842	0.36156	2.70889872077252	0.719558784846649	0.0001667716361832	37.0	2.0	11.0	CMCWald	ALL_MISSENSE_SNPEFF	0.001	2	65543	meta_GNE_AMP_NIH_noRelateds_UKB_EXOM_ALL_PD_PHENOTYPES_CONTROL_2021
NOP53	3.6875022732927283	0.00022646607109129286	0.242409	0.0891543	0.00654824	0.554177	0.222032	0.0125628	NA	NA	NA	131.0	28.0	NA	CMCWald	ALL_MISSENSE_SNPEFF	0.001	2	65543	meta_GNE_AMP_NIH_noRelateds_UKB_EXOM_ALL_PD_PHENOTYPES_CONTROL_2021
ENDOU	-3.6866507208946175	0.00022722488668900612	-0.461786	0.191373	0.0158211	-1.13946	0.477393	0.0169943	-0.540327449537089	0.340768930797856	0.112827256736117	67.0	13.0	35.0	CMCWald	ALL_MISSENSE_SNPEFF	0.001	2	65543	meta_GNE_AMP_NIH_noRelateds_UKB_EXOM_ALL_PD_PHENOTYPES_CONTROL_2021
IRX6	3.6587067722556483	0.0002534911745559799	0.434849	0.120971	0.000324811	0.522463	0.364466	0.151714	0.283929940875569	0.216921171358496	0.190565384718304	107.0	12.0	49.0	CMCWald	ALL_MISSENSE_SNPEFF	0.001	2	65543	meta_GNE_AMP_NIH_noRelateds_UKB_EXOM_ALL_PD_PHENOTYPES_CONTROL_2021
LAT	3.5501249029716204	0.00038504841765601164	0.309832	0.149089	0.0376945	0.232223	0.384879	0.546265	1.07426120812588	0.309811928992314	0.0005253972822846	54.0	11.0	24.0	CMCWald	ALL_MISSENSE_SNPEFF	0.001	2	65543	meta_GNE_AMP_NIH_noRelateds_UKB_EXOM_ALL_PD_PHENOTYPES_CONTROL_2021
SDR16C5	-3.5491756287751475	0.0003864392442839968	-0.425907	0.222463	0.0555556	-1.1465	0.519255	0.0272457	-0.739828703929925	0.365370179635405	0.0428802683518319	57.0	6.0	38.0	CMCWald	ALL_MISSENSE_SNPEFF	0.001	2	65543	meta_GNE_AMP_NIH_noRelateds_UKB_EXOM_ALL_PD_PHENOTYPES_CONTROL_2021
FAM163B	3.4374060960876243	0.0005873143270306784	0.470697	0.180332	0.00904981	0.875654	0.663983	0.187239	0.779833770623014	0.385140527547296	0.0428875769024872	58.0	4.0	24.0	CMCWald	ALL_MISSENSE_SNPEFF	0.001	2	65543	meta_GNE_AMP_NIH_noRelateds_UKB_EXOM_ALL_PD_PHENOTYPES_CONTROL_2021
ADORA1	3.4250479977023653	0.0006146908150746759	0.331983	0.182339	0.0686536	0.336044	0.498973	0.500647	1.13607511914656	0.330427801492552	0.0005856064517807	44.0	6.0	26.0	CMCWald	ALL_MISSENSE_SNPEFF	0.001	2	65543	meta_GNE_AMP_NIH_noRelateds_UKB_EXOM_ALL_PD_PHENOTYPES_CONTROL_2021
KCTD20	-3.391523382040241	0.000695052322509764	-0.231604	0.182705	0.204928	-1.53249	0.660337	0.0202996	-0.732246609873276	0.32033436262615	0.0222611524641467	67.0	8.0	29.0	CMCWald	ALL_MISSENSE_SNPEFF	0.001	2	65543	meta_GNE_AMP_NIH_noRelateds_UKB_EXOM_ALL_PD_PHENOTYPES_CONTROL_2021
RASAL1	3.3891266718168227	0.0007011561229535197	0.192379	0.0973538	0.0481454	0.294965	0.221892	0.183743	0.456605215991804	0.178031729335	0.0103252945807353	160.0	23.0	85.0	CMCWald	ALL_MISSENSE_SNPEFF	0.001	2	65543	meta_GNE_AMP_NIH_noRelateds_UKB_EXOM_ALL_PD_PHENOTYPES_CONTROL_2021
TMEM139	-3.3712928747830055	0.0007481627405909591	-0.772492	0.395721	0.050925	-0.673056	0.508628	0.185743	-0.492608227431826	0.19213536242079	0.0103515200383539	37.0	5.0	22.0	CMCWald	ALL_MISSENSE_SNPEFF	0.001	2	65543	meta_GNE_AMP_NIH_noRelateds_UKB_EXOM_ALL_PD_PHENOTYPES_CONTROL_2021
BOLA1	3.3410909032481544	0.0008344989585489205	0.285687	0.231053	0.216288	0.826028	0.617221	0.180798	1.09138563558828	0.339764698226677	0.0013173145056984	27.0	3.0	15.0	CMCWald	ALL_MISSENSE_SNPEFF	0.001	2	65543	meta_GNE_AMP_NIH_noRelateds_UKB_EXOM_ALL_PD_PHENOTYPES_CONTROL_2021
FAM186B	3.294246183785626	0.000986860253381573	0.0355988	0.104355	0.733003	0.453466	0.209124	0.0301275	0.596224209227076	0.18653791903586	0.0013922024979948	147.0	29.0	81.0	CMCWald	ALL_MISSENSE_SNPEFF	0.001	2	65543	meta_GNE_AMP_NIH_noRelateds_UKB_EXOM_ALL_PD_PHENOTYPES_CONTROL_2021
C11orf63	3.2735006100423565	0.0010622416134898967	NA	NA	NA	NA	NA	NA	0.649373717273799	0.1983728719285	0.0010622416134898	NA	NA	68.0	CMCWald	ALL_MISSENSE_SNPEFF	0.001	2	65543	meta_GNE_AMP_NIH_noRelateds_UKB_EXOM_ALL_PD_PHENOTYPES_CONTROL_2021
BEAN1	-3.2704440806852966	0.0010737876967212916	-0.340189	0.214648	0.112995	-0.869665	0.340008	0.0105342	-0.313855769002453	0.206222471101135	0.128027102977151	68.0	19.0	49.0	CMCWald	ALL_MISSENSE_SNPEFF	0.001	2	65543	meta_GNE_AMP_NIH_noRelateds_UKB_EXOM_ALL_PD_PHENOTYPES_CONTROL_2021
LOC340512	-3.2666972229728355	0.001088099864701388	-1.01583	0.463621	0.0284467	-2.75192	1.13307	0.0151515	NA	NA	NA	29.0	2.0	NA	CMCWald	ALL_MISSENSE_SNPEFF	0.001	2	65543	meta_GNE_AMP_NIH_noRelateds_UKB_EXOM_ALL_PD_PHENOTYPES_CONTROL_2021
RIPOR2	3.262540832795766	0.0011041826446497346	0.136822	0.0907394	0.131591	0.698913	0.225015	0.0018959	NA	NA	NA	160.0	28.0	NA	CMCWald	ALL_MISSENSE_SNPEFF	0.001	2	65543	meta_GNE_AMP_NIH_noRelateds_UKB_EXOM_ALL_PD_PHENOTYPES_CONTROL_2021
C5orf38	-3.2340320634460906	0.0012205575190642403	-0.453745	0.208972	0.0299071	-0.505027	0.351873	0.151215	-0.944417049004787	0.473407519910169	0.0460500114739601	56.0	12.0	18.0	CMCWald	ALL_MISSENSE_SNPEFF	0.001	2	65543	meta_GNE_AMP_NIH_noRelateds_UKB_EXOM_ALL_PD_PHENOTYPES_CONTROL_2021
SMIM19	3.2232715947499044	0.001267353259791573	0.807054	0.293474	0.0059595	1.29623	0.803372	0.106639	0.700234398390176	0.57425360288998	0.222699310182292	20.0	3.0	9.0	CMCWald	ALL_MISSENSE_SNPEFF	0.001	2	65543	meta_GNE_AMP_NIH_noRelateds_UKB_EXOM_ALL_PD_PHENOTYPES_CONTROL_2021
 
COHORT: GNE_AMP_NIH_UKB_ALL_PD_PHENO_META; VARIANT GROUP: ALL_MISSENSE_SNPEFF; MAF: 0.01; NUMVAR >= 2
GENE	TEST_STAT_WEIGHTEDZ	META_PVAL	UKB_ALL_CASES_BETA	UKB_ALL_CASES_SE	UKB_ALL_CASES_PVAL	AMP_NIH_BETA	AMP_NIH_SE	AMP_NIH_PVAL	GNE_BETA	GNE_SE	GNE_PVAL	UKB_ALL_CASES_NUMVAR	AMP_NIH_NUMVAR	GNE_NUMVAR	TEST	VARIANT_GROUP	MAF	MIN_NUMVAR	NTOTAL	META_ANALYSIS_GROUP
GBA	9.887466111709266	4.7181895780679894e-23	0.52337	0.0701377	8.51999e-14	0.567902	0.129786	1.21058e-05	0.690006718764457	0.130488388603738	1.23743257136136e-07	85.0	17.0	18.0	CMCWald	ALL_MISSENSE_SNPEFF	0.01	2	65543	meta_GNE_AMP_NIH_noRelateds_UKB_EXOM_ALL_PD_PHENOTYPES_CONTROL_2021
P2RY10	4.135326419882734	3.5445044892598045e-05	1.51214	0.365664	3.54451e-05	NA	NA	NA	NA	NA	NA	19.0	NA	NA	CMCWald	ALL_MISSENSE_SNPEFF	0.01	2	65543	meta_GNE_AMP_NIH_noRelateds_UKB_EXOM_ALL_PD_PHENOTYPES_CONTROL_2021
ZNF184	3.9077663103879727	9.31533398874976e-05	0.21347	0.105231	0.0425017	0.380108	0.191578	0.047245	0.506065190243633	0.183638063616392	0.0058553254772467	84.0	5.0	33.0	CMCWald	ALL_MISSENSE_SNPEFF	0.01	2	65543	meta_GNE_AMP_NIH_noRelateds_UKB_EXOM_ALL_PD_PHENOTYPES_CONTROL_2021
STK38L	3.9023338881736325	9.526961690979588e-05	0.528891	0.254033	0.0373442	1.22117	1.33842	0.36156	2.70889872077252	0.719558784846649	0.0001667716361832	37.0	2.0	11.0	CMCWald	ALL_MISSENSE_SNPEFF	0.01	2	65543	meta_GNE_AMP_NIH_noRelateds_UKB_EXOM_ALL_PD_PHENOTYPES_CONTROL_2021
LSR	3.731468377646667	0.00019036690924193584	0.145308	0.0683974	0.0336307	0.373314	0.190697	0.050274	0.288528324303496	0.121179626371041	0.0172658535488151	149.0	25.0	72.0	CMCWald	ALL_MISSENSE_SNPEFF	0.01	2	65543	meta_GNE_AMP_NIH_noRelateds_UKB_EXOM_ALL_PD_PHENOTYPES_CONTROL_2021
NUP210	3.7023314011653214	0.0002136273205878023	0.0973278	0.0448132	0.0298666	0.165424	0.0915671	0.0708268	0.219716494616765	0.0902629415717801	0.0149254576408459	370.0	59.0	199.0	CMCWald	ALL_MISSENSE_SNPEFF	0.01	2	65543	meta_GNE_AMP_NIH_noRelateds_UKB_EXOM_ALL_PD_PHENOTYPES_CONTROL_2021
IRX6	3.6587067722556483	0.0002534911745559799	0.434849	0.120971	0.000324811	0.522463	0.364466	0.151714	0.283929940875569	0.216921171358496	0.190565384718304	107.0	12.0	49.0	CMCWald	ALL_MISSENSE_SNPEFF	0.01	2	65543	meta_GNE_AMP_NIH_noRelateds_UKB_EXOM_ALL_PD_PHENOTYPES_CONTROL_2021
H2BC21	3.625775187606396	0.00028809591339751424	0.468407	0.195253	0.0164411	1.83914	0.674012	0.00635946	NA	NA	NA	14.0	2.0	NA	CMCWald	ALL_MISSENSE_SNPEFF	0.01	2	65543	meta_GNE_AMP_NIH_noRelateds_UKB_EXOM_ALL_PD_PHENOTYPES_CONTROL_2021
UMODL1	-3.573277662680266	0.0003525405910120903	-0.0742161	0.0455737	0.103422	-0.235628	0.0976252	0.0157957	-0.214663105618905	0.0999821152577038	0.0317920839346485	348.0	68.0	180.0	CMCWald	ALL_MISSENSE_SNPEFF	0.01	2	65543	meta_GNE_AMP_NIH_noRelateds_UKB_EXOM_ALL_PD_PHENOTYPES_CONTROL_2021
PARP9	3.5538384088930837	0.00037965240555065265	0.157022	0.0739333	0.0336845	0.255248	0.155686	0.101108	0.454820581867328	0.190135206803651	0.016752720582394	135.0	27.0	78.0	CMCWald	ALL_MISSENSE_SNPEFF	0.01	2	65543	meta_GNE_AMP_NIH_noRelateds_UKB_EXOM_ALL_PD_PHENOTYPES_CONTROL_2021
LAT	3.5501249029716204	0.00038504841765601164	0.309832	0.149089	0.0376945	0.232223	0.384879	0.546265	1.07426120812588	0.309811928992314	0.0005253972822846	54.0	11.0	24.0	CMCWald	ALL_MISSENSE_SNPEFF	0.01	2	65543	meta_GNE_AMP_NIH_noRelateds_UKB_EXOM_ALL_PD_PHENOTYPES_CONTROL_2021
SDR16C5	-3.5491756287751475	0.0003864392442839968	-0.425907	0.222463	0.0555556	-1.1465	0.519255	0.0272457	-0.739828703929925	0.365370179635405	0.0428802683518319	57.0	6.0	38.0	CMCWald	ALL_MISSENSE_SNPEFF	0.01	2	65543	meta_GNE_AMP_NIH_noRelateds_UKB_EXOM_ALL_PD_PHENOTYPES_CONTROL_2021
RP11-548K23.11	3.5159999845321317	0.0004381010097339117	NA	NA	NA	NA	NA	NA	0.679035576719547	0.193127297982598	0.0004381010097339	NA	NA	29.0	CMCWald	ALL_MISSENSE_SNPEFF	0.01	2	65543	meta_GNE_AMP_NIH_noRelateds_UKB_EXOM_ALL_PD_PHENOTYPES_CONTROL_2021
RNF114	3.4938935398531945	0.00047603080540856195	0.113843	0.11164	0.307855	0.268103	0.194885	0.168915	0.759777852904681	0.207807061135968	0.0002560120421331	41.0	9.0	23.0	CMCWald	ALL_MISSENSE_SNPEFF	0.01	2	65543	meta_GNE_AMP_NIH_noRelateds_UKB_EXOM_ALL_PD_PHENOTYPES_CONTROL_2021
PPFIBP2	3.460989802693337	0.0005381931980384001	0.185745	0.0655942	0.00462977	0.0731436	0.126912	0.564391	0.361875651361123	0.139906801754431	0.0096942680878741	212.0	47.0	105.0	CMCWald	ALL_MISSENSE_SNPEFF	0.01	2	65543	meta_GNE_AMP_NIH_noRelateds_UKB_EXOM_ALL_PD_PHENOTYPES_CONTROL_2021
KBTBD13	-3.375960366576533	0.000735585147558449	-0.174924	0.0719467	0.0150445	-0.477905	0.184575	0.00961947	-0.173691956887367	0.210073145352447	0.408341038379032	131.0	14.0	23.0	CMCWald	ALL_MISSENSE_SNPEFF	0.01	2	65543	meta_GNE_AMP_NIH_noRelateds_UKB_EXOM_ALL_PD_PHENOTYPES_CONTROL_2021
LRRK2	3.3663395563231404	0.0007617287981701114	0.0467883	0.0551034	0.395826	0.33171	0.109715	0.0024996	0.196976010815823	0.100590737203525	0.0502074479199019	395.0	56.0	179.0	CMCWald	ALL_MISSENSE_SNPEFF	0.01	2	65543	meta_GNE_AMP_NIH_noRelateds_UKB_EXOM_ALL_PD_PHENOTYPES_CONTROL_2021
OR51I1	3.353379659409487	0.000798311202619825	0.168618	0.0701629	0.0162507	0.104057	0.118341	0.379239	0.421587853593874	0.166919867007667	0.011547129402261	58.0	14.0	36.0	CMCWald	ALL_MISSENSE_SNPEFF	0.01	2	65543	meta_GNE_AMP_NIH_noRelateds_UKB_EXOM_ALL_PD_PHENOTYPES_CONTROL_2021
STIMATE	3.3404094772047372	0.0008365494728743574	0.415441	0.135496	0.00216889	0.24453	0.147487	0.0973217	NA	NA	NA	42.0	6.0	NA	CMCWald	ALL_MISSENSE_SNPEFF	0.01	2	65543	meta_GNE_AMP_NIH_noRelateds_UKB_EXOM_ALL_PD_PHENOTYPES_CONTROL_2021
ADORA1	3.3186672575414216	0.0009044813692480448	0.144216	0.121377	0.234768	0.438241	0.297819	0.141156	0.659743667814118	0.213617582461457	0.0020121481610491	45.0	7.0	27.0	CMCWald	ALL_MISSENSE_SNPEFF	0.01	2	65543	meta_GNE_AMP_NIH_noRelateds_UKB_EXOM_ALL_PD_PHENOTYPES_CONTROL_2021
ASPSCR1	3.301481479597324	0.0009617568410323558	0.257244	0.0729355	0.000420296	0.0650107	0.149067	0.662753	0.27140244960989	0.154626802644263	0.0792234611149891	201.0	41.0	92.0	CMCWald	ALL_MISSENSE_SNPEFF	0.01	2	65543	meta_GNE_AMP_NIH_noRelateds_UKB_EXOM_ALL_PD_PHENOTYPES_CONTROL_2021
MAGT1	3.259496707226656	0.0011161007610322687	0.448422	0.137574	0.00111613	NA	NA	NA	NA	NA	NA	29.0	NA	NA	CMCWald	ALL_MISSENSE_SNPEFF	0.01	2	65543	meta_GNE_AMP_NIH_noRelateds_UKB_EXOM_ALL_PD_PHENOTYPES_CONTROL_2021
ZNF433-AS1	3.257989102885313	0.001122047149402985	0.268302	0.0701682	0.000131465	0.113089	0.144284	0.433162	NA	NA	NA	159.0	31.0	NA	CMCWald	ALL_MISSENSE_SNPEFF	0.01	2	65543	meta_GNE_AMP_NIH_noRelateds_UKB_EXOM_ALL_PD_PHENOTYPES_CONTROL_2021
IPO4	-3.2368823979457915	0.001208432006110975	-0.30753	0.100903	0.00230542	-0.391247	0.177585	0.0275843	-0.0559858941421384	0.157479267579732	0.722205463198752	209.0	30.0	128.0	CMCWald	ALL_MISSENSE_SNPEFF	0.01	2	65543	meta_GNE_AMP_NIH_noRelateds_UKB_EXOM_ALL_PD_PHENOTYPES_CONTROL_2021
 
COHORT: GNE_AMP_NIH_UKB_ALL_PD_PHENO_META; VARIANT GROUP: ALL_LOF_HC_LOFTEE; MAF: 0.001; NUMVAR >= 2
GENE	TEST_STAT_WEIGHTEDZ	META_PVAL	UKB_ALL_CASES_BETA	UKB_ALL_CASES_SE	UKB_ALL_CASES_PVAL	AMP_NIH_BETA	AMP_NIH_SE	AMP_NIH_PVAL	GNE_BETA	GNE_SE	GNE_PVAL	UKB_ALL_CASES_NUMVAR	AMP_NIH_NUMVAR	GNE_NUMVAR	TEST	VARIANT_GROUP	MAF	MIN_NUMVAR	NTOTAL	META_ANALYSIS_GROUP
B3GNT3	4.124196323014681	3.720314751138189e-05	2.68973	1.15607	0.019986	NA	NA	NA	3.74312143465989	1.06766982470067	0.0004551017125469	3.0	NA	3.0	CMCWald	ALL_LOF_HC_LOFTEE	0.001	2	65543	meta_GNE_AMP_NIH_noRelateds_UKB_EXOM_ALL_PD_PHENOTYPES_CONTROL_2021
RHOT1	3.5440716920054194	0.0003939980934907832	1.3322	0.403416	0.000958919	NA	NA	NA	2.62387757959348	1.53463246781295	0.0873073246960329	7.0	NA	3.0	CMCWald	ALL_LOF_HC_LOFTEE	0.001	2	65543	meta_GNE_AMP_NIH_noRelateds_UKB_EXOM_ALL_PD_PHENOTYPES_CONTROL_2021
TRAPPC3L	3.349312381129656	0.0008101240175517889	0.897772	0.408838	0.0280984	0.48783	0.927199	0.598795	1.93465590208608	0.628311518023376	0.0020760267795094	12.0	3.0	4.0	CMCWald	ALL_LOF_HC_LOFTEE	0.001	2	65543	meta_GNE_AMP_NIH_noRelateds_UKB_EXOM_ALL_PD_PHENOTYPES_CONTROL_2021
RP11-400G3.5	3.112899632413066	0.0018525900862235362	NA	NA	NA	NA	NA	NA	1.43633195258633	0.461412869734226	0.0018525900862235	NA	NA	10.0	CMCWald	ALL_LOF_HC_LOFTEE	0.001	2	65543	meta_GNE_AMP_NIH_noRelateds_UKB_EXOM_ALL_PD_PHENOTYPES_CONTROL_2021
FLYWCH1	3.057228067457272	0.0022339423368667147	0.93627	0.372884	0.0120429	NA	NA	NA	0.673856807453204	0.371745062728614	0.0698803743089678	17.0	NA	14.0	CMCWald	ALL_LOF_HC_LOFTEE	0.001	2	65543	meta_GNE_AMP_NIH_noRelateds_UKB_EXOM_ALL_PD_PHENOTYPES_CONTROL_2021
NOC2L	3.056221764227844	0.0022414540542561086	NA	NA	NA	NA	NA	NA	1.26734113357892	0.414675776611752	0.0022414540542561	NA	NA	15.0	CMCWald	ALL_LOF_HC_LOFTEE	0.001	2	65543	meta_GNE_AMP_NIH_noRelateds_UKB_EXOM_ALL_PD_PHENOTYPES_CONTROL_2021
SLC17A1	-3.042402310276703	0.002346979837439067	NA	NA	NA	NA	NA	NA	-1.69759772015894	0.557979368614319	0.002346979837439	NA	NA	12.0	CMCWald	ALL_LOF_HC_LOFTEE	0.001	2	65543	meta_GNE_AMP_NIH_noRelateds_UKB_EXOM_ALL_PD_PHENOTYPES_CONTROL_2021
ZNF587B	3.0318646066294477	0.002430481939366744	NA	NA	NA	NA	NA	NA	2.31028989661085	0.762002990357548	0.0024304819393667	NA	NA	7.0	CMCWald	ALL_LOF_HC_LOFTEE	0.001	2	65543	meta_GNE_AMP_NIH_noRelateds_UKB_EXOM_ALL_PD_PHENOTYPES_CONTROL_2021
SPINK4	2.9538173935838454	0.003138696669075228	NA	NA	NA	NA	NA	NA	0.749688767082974	0.253803355857886	0.0031386966690752	NA	NA	2.0	CMCWald	ALL_LOF_HC_LOFTEE	0.001	2	65543	meta_GNE_AMP_NIH_noRelateds_UKB_EXOM_ALL_PD_PHENOTYPES_CONTROL_2021
LY6K	2.9354628482829033	0.0033305049089437312	NA	NA	NA	NA	NA	NA	2.69839708249393	0.919240754170115	0.0033305049089437	NA	NA	4.0	CMCWald	ALL_LOF_HC_LOFTEE	0.001	2	65543	meta_GNE_AMP_NIH_noRelateds_UKB_EXOM_ALL_PD_PHENOTYPES_CONTROL_2021
USP13	2.910664026056153	0.00360661604781899	NA	NA	NA	NA	NA	NA	2.61132224112706	0.897156874771737	0.0036066160478189	NA	NA	6.0	CMCWald	ALL_LOF_HC_LOFTEE	0.001	2	65543	meta_GNE_AMP_NIH_noRelateds_UKB_EXOM_ALL_PD_PHENOTYPES_CONTROL_2021
LNPK	2.8935885932437624	0.0038086682902441207	1.03009	0.475951	0.0304437	NA	NA	NA	2.3228565716243	1.20487935766465	0.0538706987442293	10.0	NA	3.0	CMCWald	ALL_LOF_HC_LOFTEE	0.001	2	65543	meta_GNE_AMP_NIH_noRelateds_UKB_EXOM_ALL_PD_PHENOTYPES_CONTROL_2021
OTUD7B	2.87536499995895	0.00403560680245659	2.10138	0.730822	0.00403557	NA	NA	NA	NA	NA	NA	7.0	NA	NA	CMCWald	ALL_LOF_HC_LOFTEE	0.001	2	65543	meta_GNE_AMP_NIH_noRelateds_UKB_EXOM_ALL_PD_PHENOTYPES_CONTROL_2021
KCNA3	2.835909020198129	0.004569546113871674	1.94498	0.91334	0.0332104	NA	NA	NA	1.97303286395872	1.04889617777735	0.0599642476389752	5.0	NA	3.0	CMCWald	ALL_LOF_HC_LOFTEE	0.001	2	65543	meta_GNE_AMP_NIH_noRelateds_UKB_EXOM_ALL_PD_PHENOTYPES_CONTROL_2021
KIN	2.806766914058083	0.005004143607014746	NA	NA	NA	NA	NA	NA	1.35245640322359	0.481855617026702	0.0050041436070147	NA	NA	8.0	CMCWald	ALL_LOF_HC_LOFTEE	0.001	2	65543	meta_GNE_AMP_NIH_noRelateds_UKB_EXOM_ALL_PD_PHENOTYPES_CONTROL_2021
ENOX2	2.749914816928237	0.005961075886752556	2.00958	0.730779	0.00596116	NA	NA	NA	NA	NA	NA	9.0	NA	NA	CMCWald	ALL_LOF_HC_LOFTEE	0.001	2	65543	meta_GNE_AMP_NIH_noRelateds_UKB_EXOM_ALL_PD_PHENOTYPES_CONTROL_2021
MYL1	2.7368775597513504	0.006202537381137584	2.25848	0.866607	0.00915758	NA	NA	NA	0.909579222527767	0.719369632688848	0.206082374237051	2.0	NA	3.0	CMCWald	ALL_LOF_HC_LOFTEE	0.001	2	65543	meta_GNE_AMP_NIH_noRelateds_UKB_EXOM_ALL_PD_PHENOTYPES_CONTROL_2021
ECD	2.725050281418556	0.006429169523822502	1.02706	0.443759	0.020643	NA	NA	NA	0.882518342440177	0.573306360345668	0.123719215446128	4.0	NA	7.0	CMCWald	ALL_LOF_HC_LOFTEE	0.001	2	65543	meta_GNE_AMP_NIH_noRelateds_UKB_EXOM_ALL_PD_PHENOTYPES_CONTROL_2021
RAD51B	2.7170263151563128	0.006587137012158711	0.929889	0.391175	0.0174462	NA	NA	NA	0.868260027410425	0.59255300721949	0.142842719656024	10.0	NA	11.0	CMCWald	ALL_LOF_HC_LOFTEE	0.001	2	65543	meta_GNE_AMP_NIH_noRelateds_UKB_EXOM_ALL_PD_PHENOTYPES_CONTROL_2021
ING1	2.711947912139798	0.006688910279520709	1.09031	0.570416	0.0559503	NA	NA	NA	1.30060170852165	0.676043240737701	0.0543741447748026	11.0	NA	7.0	CMCWald	ALL_LOF_HC_LOFTEE	0.001	2	65543	meta_GNE_AMP_NIH_noRelateds_UKB_EXOM_ALL_PD_PHENOTYPES_CONTROL_2021
ENTPD8	-2.707837062256612	0.006772326229535262	-0.757276	0.740303	0.306342	-1.58509	0.817629	0.052545	-1.16387329058535	0.673326522403539	0.0838910667717844	10.0	2.0	2.0	CMCWald	ALL_LOF_HC_LOFTEE	0.001	2	65543	meta_GNE_AMP_NIH_noRelateds_UKB_EXOM_ALL_PD_PHENOTYPES_CONTROL_2021
TOX2	2.694330660905949	0.007053015571577561	NA	NA	NA	NA	NA	NA	2.66582487018333	0.989420084499564	0.0070530155715774	NA	NA	3.0	CMCWald	ALL_LOF_HC_LOFTEE	0.001	2	65543	meta_GNE_AMP_NIH_noRelateds_UKB_EXOM_ALL_PD_PHENOTYPES_CONTROL_2021
ANKRD35	2.6913700372967484	0.00711592176560694	NA	NA	NA	0.622617	0.525273	0.23589	0.787903283802311	0.300628770593821	0.0087710527736246	NA	3.0	11.0	CMCWald	ALL_LOF_HC_LOFTEE	0.001	2	65543	meta_GNE_AMP_NIH_noRelateds_UKB_EXOM_ALL_PD_PHENOTYPES_CONTROL_2021
FER1L5	2.6816216155770527	0.00732662781441824	NA	NA	NA	NA	NA	NA	1.21105382472761	0.451612493609396	0.0073266278144184	NA	NA	16.0	CMCWald	ALL_LOF_HC_LOFTEE	0.001	2	65543	meta_GNE_AMP_NIH_noRelateds_UKB_EXOM_ALL_PD_PHENOTYPES_CONTROL_2021
 
COHORT: GNE_AMP_NIH_UKB_ALL_PD_PHENO_META; VARIANT GROUP: ALL_LOF_HC_LOFTEE; MAF: 0.01; NUMVAR >= 2
GENE	TEST_STAT_WEIGHTEDZ	META_PVAL	UKB_ALL_CASES_BETA	UKB_ALL_CASES_SE	UKB_ALL_CASES_PVAL	AMP_NIH_BETA	AMP_NIH_SE	AMP_NIH_PVAL	GNE_BETA	GNE_SE	GNE_PVAL	UKB_ALL_CASES_NUMVAR	AMP_NIH_NUMVAR	GNE_NUMVAR	TEST	VARIANT_GROUP	MAF	MIN_NUMVAR	NTOTAL	META_ANALYSIS_GROUP
B3GNT3	4.124196323014681	3.720314751138189e-05	2.68973	1.15607	0.019986	NA	NA	NA	3.74312143465989	1.06766982470067	0.0004551017125469	3.0	NA	3.0	CMCWald	ALL_LOF_HC_LOFTEE	0.01	2	65543	meta_GNE_AMP_NIH_noRelateds_UKB_EXOM_ALL_PD_PHENOTYPES_CONTROL_2021
RHOT1	3.5440716920054194	0.0003939980934907832	1.3322	0.403416	0.000958919	NA	NA	NA	2.62387757959348	1.53463246781295	0.0873073246960329	7.0	NA	3.0	CMCWald	ALL_LOF_HC_LOFTEE	0.01	2	65543	meta_GNE_AMP_NIH_noRelateds_UKB_EXOM_ALL_PD_PHENOTYPES_CONTROL_2021
TRAPPC3L	3.349312381129656	0.0008101240175517889	0.897772	0.408838	0.0280984	0.48783	0.927199	0.598795	1.93465590208608	0.628311518023376	0.0020760267795094	12.0	3.0	4.0	CMCWald	ALL_LOF_HC_LOFTEE	0.01	2	65543	meta_GNE_AMP_NIH_noRelateds_UKB_EXOM_ALL_PD_PHENOTYPES_CONTROL_2021
SOAT2	3.31893398250192	0.0009036178957590848	0.342033	0.142527	0.0164051	NA	NA	NA	0.709482890173676	0.309290499961594	0.0217959810802337	15.0	NA	8.0	CMCWald	ALL_LOF_HC_LOFTEE	0.01	2	65543	meta_GNE_AMP_NIH_noRelateds_UKB_EXOM_ALL_PD_PHENOTYPES_CONTROL_2021
RP11-400G3.5	3.112899632413066	0.0018525900862235362	NA	NA	NA	NA	NA	NA	1.43633195258633	0.461412869734226	0.0018525900862235	NA	NA	10.0	CMCWald	ALL_LOF_HC_LOFTEE	0.01	2	65543	meta_GNE_AMP_NIH_noRelateds_UKB_EXOM_ALL_PD_PHENOTYPES_CONTROL_2021
FLYWCH1	3.057228067457272	0.0022339423368667147	0.93627	0.372884	0.0120429	NA	NA	NA	0.673856807453204	0.371745062728614	0.0698803743089678	17.0	NA	14.0	CMCWald	ALL_LOF_HC_LOFTEE	0.01	2	65543	meta_GNE_AMP_NIH_noRelateds_UKB_EXOM_ALL_PD_PHENOTYPES_CONTROL_2021
NOC2L	3.056221764227844	0.0022414540542561086	NA	NA	NA	NA	NA	NA	1.26734113357892	0.414675776611752	0.0022414540542561	NA	NA	15.0	CMCWald	ALL_LOF_HC_LOFTEE	0.01	2	65543	meta_GNE_AMP_NIH_noRelateds_UKB_EXOM_ALL_PD_PHENOTYPES_CONTROL_2021
SLC17A1	-3.042402310276703	0.002346979837439067	NA	NA	NA	NA	NA	NA	-1.69759772015894	0.557979368614319	0.002346979837439	NA	NA	12.0	CMCWald	ALL_LOF_HC_LOFTEE	0.01	2	65543	meta_GNE_AMP_NIH_noRelateds_UKB_EXOM_ALL_PD_PHENOTYPES_CONTROL_2021
ZNF587B	3.0318646066294477	0.002430481939366744	NA	NA	NA	NA	NA	NA	2.31028989661085	0.762002990357548	0.0024304819393667	NA	NA	7.0	CMCWald	ALL_LOF_HC_LOFTEE	0.01	2	65543	meta_GNE_AMP_NIH_noRelateds_UKB_EXOM_ALL_PD_PHENOTYPES_CONTROL_2021
PHKB	-3.001403824576659	0.002687379156991436	-0.323878	0.210575	0.124033	-0.902617	0.435521	0.038219	-0.552281175440779	0.347779796438713	0.112281879679084	35.0	5.0	14.0	CMCWald	ALL_LOF_HC_LOFTEE	0.01	2	65543	meta_GNE_AMP_NIH_noRelateds_UKB_EXOM_ALL_PD_PHENOTYPES_CONTROL_2021
SPINK4	2.9538173935838454	0.003138696669075228	NA	NA	NA	NA	NA	NA	0.749688767082974	0.253803355857886	0.0031386966690752	NA	NA	2.0	CMCWald	ALL_LOF_HC_LOFTEE	0.01	2	65543	meta_GNE_AMP_NIH_noRelateds_UKB_EXOM_ALL_PD_PHENOTYPES_CONTROL_2021
LY6K	2.9354628482829033	0.0033305049089437312	NA	NA	NA	NA	NA	NA	2.69839708249393	0.919240754170115	0.0033305049089437	NA	NA	4.0	CMCWald	ALL_LOF_HC_LOFTEE	0.01	2	65543	meta_GNE_AMP_NIH_noRelateds_UKB_EXOM_ALL_PD_PHENOTYPES_CONTROL_2021
USP13	2.910664026056153	0.00360661604781899	NA	NA	NA	NA	NA	NA	2.61132224112706	0.897156874771737	0.0036066160478189	NA	NA	6.0	CMCWald	ALL_LOF_HC_LOFTEE	0.01	2	65543	meta_GNE_AMP_NIH_noRelateds_UKB_EXOM_ALL_PD_PHENOTYPES_CONTROL_2021
LNPK	2.8935885932437624	0.0038086682902441207	1.03009	0.475951	0.0304437	NA	NA	NA	2.3228565716243	1.20487935766465	0.0538706987442293	10.0	NA	3.0	CMCWald	ALL_LOF_HC_LOFTEE	0.01	2	65543	meta_GNE_AMP_NIH_noRelateds_UKB_EXOM_ALL_PD_PHENOTYPES_CONTROL_2021
OTUD7B	2.87536499995895	0.00403560680245659	2.10138	0.730822	0.00403557	NA	NA	NA	NA	NA	NA	7.0	NA	NA	CMCWald	ALL_LOF_HC_LOFTEE	0.01	2	65543	meta_GNE_AMP_NIH_noRelateds_UKB_EXOM_ALL_PD_PHENOTYPES_CONTROL_2021
RTEL1-TNFRSF6B	-2.845183674563507	0.004438582067798526	-0.46009	0.320778	0.151488	NA	NA	NA	-1.11404195155882	0.430231160596678	0.0096142444242319	23.0	NA	17.0	CMCWald	ALL_LOF_HC_LOFTEE	0.01	2	65543	meta_GNE_AMP_NIH_noRelateds_UKB_EXOM_ALL_PD_PHENOTYPES_CONTROL_2021
KCNA3	2.835909020198129	0.004569546113871674	1.94498	0.91334	0.0332104	NA	NA	NA	1.97303286395872	1.04889617777735	0.0599642476389752	5.0	NA	3.0	CMCWald	ALL_LOF_HC_LOFTEE	0.01	2	65543	meta_GNE_AMP_NIH_noRelateds_UKB_EXOM_ALL_PD_PHENOTYPES_CONTROL_2021
KIN	2.806766914058083	0.005004143607014746	NA	NA	NA	NA	NA	NA	1.35245640322359	0.481855617026702	0.0050041436070147	NA	NA	8.0	CMCWald	ALL_LOF_HC_LOFTEE	0.01	2	65543	meta_GNE_AMP_NIH_noRelateds_UKB_EXOM_ALL_PD_PHENOTYPES_CONTROL_2021
CMYA5	2.805211260310229	0.005028361048949248	0.403201	0.19652	0.0401986	NA	NA	NA	0.475197136309135	0.248084718658797	0.0554334644759755	11.0	NA	34.0	CMCWald	ALL_LOF_HC_LOFTEE	0.01	2	65543	meta_GNE_AMP_NIH_noRelateds_UKB_EXOM_ALL_PD_PHENOTYPES_CONTROL_2021
ENOX2	2.749914816928237	0.005961075886752556	2.00958	0.730779	0.00596116	NA	NA	NA	NA	NA	NA	9.0	NA	NA	CMCWald	ALL_LOF_HC_LOFTEE	0.01	2	65543	meta_GNE_AMP_NIH_noRelateds_UKB_EXOM_ALL_PD_PHENOTYPES_CONTROL_2021
ECD	2.725050281418556	0.006429169523822502	1.02706	0.443759	0.020643	NA	NA	NA	0.882518342440177	0.573306360345668	0.123719215446128	4.0	NA	7.0	CMCWald	ALL_LOF_HC_LOFTEE	0.01	2	65543	meta_GNE_AMP_NIH_noRelateds_UKB_EXOM_ALL_PD_PHENOTYPES_CONTROL_2021
IGFLR1	2.7234835592090465	0.00645974306993269	1.24067	0.493339	0.0119088	NA	NA	NA	0.404683734978358	0.302738248886021	0.181306001493002	8.0	NA	7.0	CMCWald	ALL_LOF_HC_LOFTEE	0.01	2	65543	meta_GNE_AMP_NIH_noRelateds_UKB_EXOM_ALL_PD_PHENOTYPES_CONTROL_2021
DARS2	-2.7188505167168486	0.006550920592933213	-1.44981	0.724348	0.0453341	-0.787099	0.607528	0.195122	-1.22086061716666	0.864587589790735	0.157928527237509	21.0	2.0	8.0	CMCWald	ALL_LOF_HC_LOFTEE	0.01	2	65543	meta_GNE_AMP_NIH_noRelateds_UKB_EXOM_ALL_PD_PHENOTYPES_CONTROL_2021
RAD51B	2.7170263151563128	0.006587137012158711	0.929889	0.391175	0.0174462	NA	NA	NA	0.868260027410425	0.59255300721949	0.142842719656024	10.0	NA	11.0	CMCWald	ALL_LOF_HC_LOFTEE	0.01	2	65543	meta_GNE_AMP_NIH_noRelateds_UKB_EXOM_ALL_PD_PHENOTYPES_CONTROL_2021
 
COHORT: GNE_AMP_NIH_UKB_ALL_PD_PHENO_META; VARIANT GROUP: ALL_MODERATE_HIGH_IMPACT_SNPEFF; MAF: 0.001; NUMVAR >= 2
GENE	TEST_STAT_WEIGHTEDZ	META_PVAL	UKB_ALL_CASES_BETA	UKB_ALL_CASES_SE	UKB_ALL_CASES_PVAL	AMP_NIH_BETA	AMP_NIH_SE	AMP_NIH_PVAL	GNE_BETA	GNE_SE	GNE_PVAL	UKB_ALL_CASES_NUMVAR	AMP_NIH_NUMVAR	GNE_NUMVAR	TEST	VARIANT_GROUP	MAF	MIN_NUMVAR	NTOTAL	META_ANALYSIS_GROUP
GBA	7.0785085617932735	1.4571412435070475e-12	0.908954	0.114241	1.77078e-15	0.87011	0.352526	0.013579	0.769647136492188	0.419275225865795	0.0664078248262314	99.0	15.0	19.0	CMCWald	ALL_MODERATE_HIGH_IMPACT_SNPEFF	0.001	2	65543	meta_GNE_AMP_NIH_noRelateds_UKB_EXOM_ALL_PD_PHENOTYPES_CONTROL_2021
CFAP52	-4.228394680337387	2.3536464693414905e-05	-0.374287	0.159815	0.0191807	-0.852688	0.351345	0.0152275	-0.679282920704885	0.265877931573182	0.010622818696429	103.0	13.0	66.0	CMCWald	ALL_MODERATE_HIGH_IMPACT_SNPEFF	0.001	2	65543	meta_GNE_AMP_NIH_noRelateds_UKB_EXOM_ALL_PD_PHENOTYPES_CONTROL_2021
MET	-4.168072143611459	3.0718671779956634e-05	-0.34234	0.11358	0.00257763	-0.531186	0.236899	0.0249452	-0.348147226623997	0.177356568585066	0.0496486096306934	224.0	25.0	109.0	CMCWald	ALL_MODERATE_HIGH_IMPACT_SNPEFF	0.001	2	65543	meta_GNE_AMP_NIH_noRelateds_UKB_EXOM_ALL_PD_PHENOTYPES_CONTROL_2021
H2BC21	4.0881473059783175	4.348320190468006e-05	1.10677	0.353378	0.00173633	1.60718	0.606588	0.00805997	NA	NA	NA	16.0	3.0	NA	CMCWald	ALL_MODERATE_HIGH_IMPACT_SNPEFF	0.001	2	65543	meta_GNE_AMP_NIH_noRelateds_UKB_EXOM_ALL_PD_PHENOTYPES_CONTROL_2021
RASAL1	3.8718645223406947	0.00010800598204662552	0.261541	0.0924302	0.00466059	0.294965	0.221892	0.183743	0.448398950436858	0.176026156575716	0.0108546767567477	177.0	23.0	89.0	CMCWald	ALL_MODERATE_HIGH_IMPACT_SNPEFF	0.001	2	65543	meta_GNE_AMP_NIH_noRelateds_UKB_EXOM_ALL_PD_PHENOTYPES_CONTROL_2021
P2RY10	3.8024854264668497	0.00014325169571286064	1.33133	0.350121	0.000143249	NA	NA	NA	NA	NA	NA	22.0	NA	NA	CMCWald	ALL_MODERATE_HIGH_IMPACT_SNPEFF	0.001	2	65543	meta_GNE_AMP_NIH_noRelateds_UKB_EXOM_ALL_PD_PHENOTYPES_CONTROL_2021
BOLA1	3.763000679686615	0.0001678867453039883	0.344505	0.215287	0.109551	1.00169	0.587393	0.0881355	1.09138563558828	0.339764698226677	0.0013173145056984	32.0	5.0	15.0	CMCWald	ALL_MODERATE_HIGH_IMPACT_SNPEFF	0.001	2	65543	meta_GNE_AMP_NIH_noRelateds_UKB_EXOM_ALL_PD_PHENOTYPES_CONTROL_2021
ENDOU	-3.700135952903533	0.00021548399577776448	-0.457218	0.175325	0.00911182	-1.25106	0.462893	0.00687814	-0.319398895783598	0.29081358845583	0.272076016270057	81.0	15.0	42.0	CMCWald	ALL_MODERATE_HIGH_IMPACT_SNPEFF	0.001	2	65543	meta_GNE_AMP_NIH_noRelateds_UKB_EXOM_ALL_PD_PHENOTYPES_CONTROL_2021
NOP53	3.698563948946083	0.0002168227257923425	0.239422	0.087552	0.00624516	0.554177	0.222032	0.0125628	NA	NA	NA	146.0	28.0	NA	CMCWald	ALL_MODERATE_HIGH_IMPACT_SNPEFF	0.001	2	65543	meta_GNE_AMP_NIH_noRelateds_UKB_EXOM_ALL_PD_PHENOTYPES_CONTROL_2021
LAT	3.678230651143685	0.00023485753165909445	0.258709	0.124081	0.0370698	0.256227	0.292201	0.380547	1.04728919798518	0.307213444891926	0.0006520259662626	72.0	14.0	25.0	CMCWald	ALL_MODERATE_HIGH_IMPACT_SNPEFF	0.001	2	65543	meta_GNE_AMP_NIH_noRelateds_UKB_EXOM_ALL_PD_PHENOTYPES_CONTROL_2021
IRX6	3.597418694185089	0.0003213909122515947	0.356555	0.11117	0.00133983	0.541059	0.353948	0.126354	0.304664486488613	0.203792086620824	0.134920439441739	121.0	13.0	63.0	CMCWald	ALL_MODERATE_HIGH_IMPACT_SNPEFF	0.001	2	65543	meta_GNE_AMP_NIH_noRelateds_UKB_EXOM_ALL_PD_PHENOTYPES_CONTROL_2021
C11orf63	3.554628543098328	0.0003785134359892994	NA	NA	NA	NA	NA	NA	0.678364400041665	0.190839743679766	0.0003785134359892	NA	NA	78.0	CMCWald	ALL_MODERATE_HIGH_IMPACT_SNPEFF	0.001	2	65543	meta_GNE_AMP_NIH_noRelateds_UKB_EXOM_ALL_PD_PHENOTYPES_CONTROL_2021
GDF9	3.4550822842851163	0.0005501249021396589	0.0644429	0.161643	0.690134	0.978568	0.474318	0.0391026	0.794658719313446	0.225588787384234	0.0004273382441273	78.0	8.0	53.0	CMCWald	ALL_MODERATE_HIGH_IMPACT_SNPEFF	0.001	2	65543	meta_GNE_AMP_NIH_noRelateds_UKB_EXOM_ALL_PD_PHENOTYPES_CONTROL_2021
FAM163B	3.4331605150004574	0.0005965887931129638	0.457614	0.175815	0.00924594	0.875654	0.663983	0.187239	0.779833770623014	0.385140527547296	0.0428875769024872	63.0	4.0	24.0	CMCWald	ALL_MODERATE_HIGH_IMPACT_SNPEFF	0.001	2	65543	meta_GNE_AMP_NIH_noRelateds_UKB_EXOM_ALL_PD_PHENOTYPES_CONTROL_2021
KCTD20	-3.431235047691727	0.0006008397473432498	-0.196753	0.169309	0.245199	-1.75895	0.645344	0.00641836	-0.616749041686765	0.300065896288241	0.0398424444410282	73.0	9.0	36.0	CMCWald	ALL_MODERATE_HIGH_IMPACT_SNPEFF	0.001	2	65543	meta_GNE_AMP_NIH_noRelateds_UKB_EXOM_ALL_PD_PHENOTYPES_CONTROL_2021
ADORA1	3.4250479977023653	0.0006146908150746759	0.331983	0.182339	0.0686536	0.336044	0.498973	0.500647	1.13607511914656	0.330427801492552	0.0005856064517807	44.0	6.0	26.0	CMCWald	ALL_MODERATE_HIGH_IMPACT_SNPEFF	0.001	2	65543	meta_GNE_AMP_NIH_noRelateds_UKB_EXOM_ALL_PD_PHENOTYPES_CONTROL_2021
ALKBH6	3.3090609827293114	0.0009360944541336575	0.217457	0.151639	0.15156	0.919734	0.535683	0.0859909	1.25008792256202	0.484439949149861	0.0098662880839102	53.0	6.0	15.0	CMCWald	ALL_MODERATE_HIGH_IMPACT_SNPEFF	0.001	2	65543	meta_GNE_AMP_NIH_noRelateds_UKB_EXOM_ALL_PD_PHENOTYPES_CONTROL_2021
MRPL42	3.2935462107088913	0.0009893207781355368	0.668526	0.192469	0.000513853	0.465214	0.543548	0.392062	0.743514344839041	0.540626140875082	0.16904349327989	39.0	7.0	14.0	CMCWald	ALL_MODERATE_HIGH_IMPACT_SNPEFF	0.001	2	65543	meta_GNE_AMP_NIH_noRelateds_UKB_EXOM_ALL_PD_PHENOTYPES_CONTROL_2021
DPYSL4	3.277705138603193	0.0010465465510119596	0.151864	0.110952	0.171085	0.854218	0.290256	0.0032507	0.342334313877614	0.250714575026288	0.172116547380197	162.0	19.0	59.0	CMCWald	ALL_MODERATE_HIGH_IMPACT_SNPEFF	0.001	2	65543	meta_GNE_AMP_NIH_noRelateds_UKB_EXOM_ALL_PD_PHENOTYPES_CONTROL_2021
LOC340512	-3.2666972229728355	0.001088099864701388	-1.01583	0.463621	0.0284467	-2.75192	1.13307	0.0151515	NA	NA	NA	29.0	2.0	NA	CMCWald	ALL_MODERATE_HIGH_IMPACT_SNPEFF	0.001	2	65543	meta_GNE_AMP_NIH_noRelateds_UKB_EXOM_ALL_PD_PHENOTYPES_CONTROL_2021
STK38L	3.2547639058878204	0.0011348666584197367	0.218251	0.201798	0.279461	1.22117	1.33842	0.36156	2.40301630443648	0.659537369253677	0.0002689684924	44.0	2.0	12.0	CMCWald	ALL_MODERATE_HIGH_IMPACT_SNPEFF	0.001	2	65543	meta_GNE_AMP_NIH_noRelateds_UKB_EXOM_ALL_PD_PHENOTYPES_CONTROL_2021
NPRL3	3.251593720554877	0.0011475993368666422	0.0864959	0.100589	0.389848	0.293929	0.252126	0.243694	0.747545942522838	0.207292959777661	0.0003106786473185	171.0	26.0	67.0	CMCWald	ALL_MODERATE_HIGH_IMPACT_SNPEFF	0.001	2	65543	meta_GNE_AMP_NIH_noRelateds_UKB_EXOM_ALL_PD_PHENOTYPES_CONTROL_2021
FAM186B	3.2357534887305994	0.0012132210911791987	0.0126039	0.0991092	0.898805	0.453466	0.209124	0.0301275	0.584628522997871	0.176683096152478	0.0009365982698737	164.0	29.0	95.0	CMCWald	ALL_MODERATE_HIGH_IMPACT_SNPEFF	0.001	2	65543	meta_GNE_AMP_NIH_noRelateds_UKB_EXOM_ALL_PD_PHENOTYPES_CONTROL_2021
LOC101928123	3.216834447416954	0.00129613366709548	0.88259	0.274366	0.00129614	NA	NA	NA	NA	NA	NA	12.0	NA	NA	CMCWald	ALL_MODERATE_HIGH_IMPACT_SNPEFF	0.001	2	65543	meta_GNE_AMP_NIH_noRelateds_UKB_EXOM_ALL_PD_PHENOTYPES_CONTROL_2021
 
COHORT: GNE_AMP_NIH_UKB_ALL_PD_PHENO_META; VARIANT GROUP: ALL_MODERATE_HIGH_IMPACT_SNPEFF; MAF: 0.01; NUMVAR >= 2
GENE	TEST_STAT_WEIGHTEDZ	META_PVAL	UKB_ALL_CASES_BETA	UKB_ALL_CASES_SE	UKB_ALL_CASES_PVAL	AMP_NIH_BETA	AMP_NIH_SE	AMP_NIH_PVAL	GNE_BETA	GNE_SE	GNE_PVAL	UKB_ALL_CASES_NUMVAR	AMP_NIH_NUMVAR	GNE_NUMVAR	TEST	VARIANT_GROUP	MAF	MIN_NUMVAR	NTOTAL	META_ANALYSIS_GROUP
GBA	10.146687636735146	3.428013324190396e-24	0.549558	0.0685098	1.04386e-15	0.567902	0.129786	1.21058e-05	0.669509757037131	0.129316351187564	2.25118087878369e-07	101.0	17.0	21.0	CMCWald	ALL_MODERATE_HIGH_IMPACT_SNPEFF	0.01	2	65543	meta_GNE_AMP_NIH_noRelateds_UKB_EXOM_ALL_PD_PHENOTYPES_CONTROL_2021
ZNF184	3.869271201567975	0.00010916116561300971	0.211309	0.104316	0.0427985	0.396059	0.190758	0.0378721	0.477197258220907	0.183546305963638	0.0093258010635777	94.0	6.0	34.0	CMCWald	ALL_MODERATE_HIGH_IMPACT_SNPEFF	0.01	2	65543	meta_GNE_AMP_NIH_noRelateds_UKB_EXOM_ALL_PD_PHENOTYPES_CONTROL_2021
P2RY10	3.8024854264668497	0.00014325169571286064	1.33133	0.350121	0.000143249	NA	NA	NA	NA	NA	NA	22.0	NA	NA	CMCWald	ALL_MODERATE_HIGH_IMPACT_SNPEFF	0.01	2	65543	meta_GNE_AMP_NIH_noRelateds_UKB_EXOM_ALL_PD_PHENOTYPES_CONTROL_2021
H2BC21	3.744562128526096	0.00018070865739062243	0.497633	0.188065	0.00814343	1.60718	0.606588	0.00805997	NA	NA	NA	17.0	3.0	NA	CMCWald	ALL_MODERATE_HIGH_IMPACT_SNPEFF	0.01	2	65543	meta_GNE_AMP_NIH_noRelateds_UKB_EXOM_ALL_PD_PHENOTYPES_CONTROL_2021
NUP210	3.6134466919058665	0.00030215349959179913	0.094584	0.0442354	0.0325008	0.153764	0.090641	0.089809	0.215867383609869	0.0890516461477096	0.0153476659529858	428.0	65.0	212.0	CMCWald	ALL_MODERATE_HIGH_IMPACT_SNPEFF	0.01	2	65543	meta_GNE_AMP_NIH_noRelateds_UKB_EXOM_ALL_PD_PHENOTYPES_CONTROL_2021
IRX6	3.597418694185089	0.0003213909122515947	0.356555	0.11117	0.00133983	0.541059	0.353948	0.126354	0.304664486488613	0.203792086620824	0.134920439441739	121.0	13.0	63.0	CMCWald	ALL_MODERATE_HIGH_IMPACT_SNPEFF	0.01	2	65543	meta_GNE_AMP_NIH_noRelateds_UKB_EXOM_ALL_PD_PHENOTYPES_CONTROL_2021
RNF114	3.5640521515264703	0.00036517335216171856	0.125694	0.110137	0.253767	0.268103	0.194885	0.168915	0.759777852904681	0.207807061135968	0.0002560120421331	43.0	9.0	23.0	CMCWald	ALL_MODERATE_HIGH_IMPACT_SNPEFF	0.01	2	65543	meta_GNE_AMP_NIH_noRelateds_UKB_EXOM_ALL_PD_PHENOTYPES_CONTROL_2021
CDKL1	3.41102075997496	0.0006472016362074568	0.131507	0.10772	0.222152	0.709422	0.234415	0.00247528	0.400930602982358	0.241395319479473	0.0967359314482771	93.0	18.0	43.0	CMCWald	ALL_MODERATE_HIGH_IMPACT_SNPEFF	0.01	2	65543	meta_GNE_AMP_NIH_noRelateds_UKB_EXOM_ALL_PD_PHENOTYPES_CONTROL_2021
OR51I1	3.389739812010253	0.0006995898896433123	0.16411	0.0700042	0.0190631	0.116835	0.117772	0.321176	0.419035654868364	0.165308557015387	0.011248915413039	64.0	15.0	39.0	CMCWald	ALL_MODERATE_HIGH_IMPACT_SNPEFF	0.01	2	65543	meta_GNE_AMP_NIH_noRelateds_UKB_EXOM_ALL_PD_PHENOTYPES_CONTROL_2021
PARP9	3.358896181654876	0.0007825446038017831	0.145716	0.0733979	0.047112	0.255248	0.155686	0.101108	0.413964749771442	0.18876768293327	0.0283084397543398	146.0	27.0	82.0	CMCWald	ALL_MODERATE_HIGH_IMPACT_SNPEFF	0.01	2	65543	meta_GNE_AMP_NIH_noRelateds_UKB_EXOM_ALL_PD_PHENOTYPES_CONTROL_2021
FASTKD1	-3.3419932438638518	0.0008317908529510437	-0.174178	0.100145	0.0819896	-0.405527	0.229348	0.0770321	-0.305038213300448	0.133725887864277	0.0225442597767701	164.0	18.0	90.0	CMCWald	ALL_MODERATE_HIGH_IMPACT_SNPEFF	0.01	2	65543	meta_GNE_AMP_NIH_noRelateds_UKB_EXOM_ALL_PD_PHENOTYPES_CONTROL_2021
LRRK2	3.3382302897074934	0.0008431383924930282	0.059815	0.0524939	0.254509	0.275456	0.105909	0.00929857	0.198642149233156	0.0972951747741926	0.0411868171620675	436.0	58.0	200.0	CMCWald	ALL_MODERATE_HIGH_IMPACT_SNPEFF	0.01	2	65543	meta_GNE_AMP_NIH_noRelateds_UKB_EXOM_ALL_PD_PHENOTYPES_CONTROL_2021
LSR	3.331913867773368	0.0008625094634824377	0.137347	0.0675212	0.0419383	0.389609	0.189903	0.0402064	0.199387817072404	0.11831058046768	0.0919323425032511	172.0	26.0	83.0	CMCWald	ALL_MODERATE_HIGH_IMPACT_SNPEFF	0.01	2	65543	meta_GNE_AMP_NIH_noRelateds_UKB_EXOM_ALL_PD_PHENOTYPES_CONTROL_2021
ADORA1	3.3186672575414216	0.0009044813692480448	0.144216	0.121377	0.234768	0.438241	0.297819	0.141156	0.659743667814118	0.213617582461457	0.0020121481610491	45.0	7.0	27.0	CMCWald	ALL_MODERATE_HIGH_IMPACT_SNPEFF	0.01	2	65543	meta_GNE_AMP_NIH_noRelateds_UKB_EXOM_ALL_PD_PHENOTYPES_CONTROL_2021
KBTBD13	-3.3176753028673147	0.0009076993567030996	-0.186484	0.0703107	0.00799485	-0.439713	0.18025	0.0147093	-0.132498228978087	0.202399992886719	0.512702435189976	154.0	16.0	26.0	CMCWald	ALL_MODERATE_HIGH_IMPACT_SNPEFF	0.01	2	65543	meta_GNE_AMP_NIH_noRelateds_UKB_EXOM_ALL_PD_PHENOTYPES_CONTROL_2021
MRPL42	3.2935462107088913	0.0009893207781355368	0.668526	0.192469	0.000513853	0.465214	0.543548	0.392062	0.743514344839041	0.540626140875082	0.16904349327989	39.0	7.0	14.0	CMCWald	ALL_MODERATE_HIGH_IMPACT_SNPEFF	0.01	2	65543	meta_GNE_AMP_NIH_noRelateds_UKB_EXOM_ALL_PD_PHENOTYPES_CONTROL_2021
TESPA1	3.27823600470067	0.0010445802127822734	0.240324	0.0757658	0.00151431	0.201996	0.132179	0.126464	0.161126849024151	0.164761745308085	0.32810475719415	95.0	18.0	52.0	CMCWald	ALL_MODERATE_HIGH_IMPACT_SNPEFF	0.01	2	65543	meta_GNE_AMP_NIH_noRelateds_UKB_EXOM_ALL_PD_PHENOTYPES_CONTROL_2021
CAVIN1	-3.2692788079601005	0.001078220014734059	-0.227574	0.0997477	0.0225192	-0.476505	0.203464	0.0191828	NA	NA	NA	70.0	11.0	NA	CMCWald	ALL_MODERATE_HIGH_IMPACT_SNPEFF	0.01	2	65543	meta_GNE_AMP_NIH_noRelateds_UKB_EXOM_ALL_PD_PHENOTYPES_CONTROL_2021
PPFIBP2	3.265503465542518	0.0010926966840028522	0.171921	0.0643884	0.00758372	0.0678343	0.126006	0.590341	0.338927396665482	0.138472545536282	0.014380546441364	245.0	50.0	115.0	CMCWald	ALL_MODERATE_HIGH_IMPACT_SNPEFF	0.01	2	65543	meta_GNE_AMP_NIH_noRelateds_UKB_EXOM_ALL_PD_PHENOTYPES_CONTROL_2021
PTGDR	-3.2595343720620744	0.0011159525747624953	-0.227435	0.0947827	0.0164155	-0.187093	0.139804	0.180814	-0.346429587044629	0.18157774224614	0.0564059843856792	90.0	15.0	41.0	CMCWald	ALL_MODERATE_HIGH_IMPACT_SNPEFF	0.01	2	65543	meta_GNE_AMP_NIH_noRelateds_UKB_EXOM_ALL_PD_PHENOTYPES_CONTROL_2021
STK38L	3.2547639058878204	0.0011348666584197367	0.218251	0.201798	0.279461	1.22117	1.33842	0.36156	2.40301630443648	0.659537369253677	0.0002689684924	44.0	2.0	12.0	CMCWald	ALL_MODERATE_HIGH_IMPACT_SNPEFF	0.01	2	65543	meta_GNE_AMP_NIH_noRelateds_UKB_EXOM_ALL_PD_PHENOTYPES_CONTROL_2021
GDF9	3.2512516172926325	0.0011489812192780479	-0.0241377	0.0870218	0.781492	0.33163	0.188746	0.0789138	0.73143958512651	0.176178717193651	3.30027742344439e-05	80.0	10.0	54.0	CMCWald	ALL_MODERATE_HIGH_IMPACT_SNPEFF	0.01	2	65543	meta_GNE_AMP_NIH_noRelateds_UKB_EXOM_ALL_PD_PHENOTYPES_CONTROL_2021
USP25	3.233172260113082	0.0012242371819794053	0.185888	0.0686303	0.00675804	0.113968	0.162781	0.483847	0.384827832055438	0.175612497449217	0.0284267273076025	168.0	17.0	72.0	CMCWald	ALL_MODERATE_HIGH_IMPACT_SNPEFF	0.01	2	65543	meta_GNE_AMP_NIH_noRelateds_UKB_EXOM_ALL_PD_PHENOTYPES_CONTROL_2021
STIMATE	3.23108432534636	0.001233215516677579	0.390713	0.134198	0.0035973	0.24453	0.147487	0.0973217	NA	NA	NA	44.0	6.0	NA	CMCWald	ALL_MODERATE_HIGH_IMPACT_SNPEFF	0.01	2	65543	meta_GNE_AMP_NIH_noRelateds_UKB_EXOM_ALL_PD_PHENOTYPES_CONTROL_2021
 
COHORT: GNE_AMP_NIH_UKB_ALL_PD_PHENO_META; VARIANT GROUP: ALL_LOF_HC_LOFTEE_and_CADD_20_VEP; MAF: 0.001; NUMVAR >= 2
GENE	TEST_STAT_WEIGHTEDZ	META_PVAL	UKB_ALL_CASES_BETA	UKB_ALL_CASES_SE	UKB_ALL_CASES_PVAL	AMP_NIH_BETA	AMP_NIH_SE	AMP_NIH_PVAL	GNE_BETA	GNE_SE	GNE_PVAL	UKB_ALL_CASES_NUMVAR	AMP_NIH_NUMVAR	GNE_NUMVAR	TEST	VARIANT_GROUP	MAF	MIN_NUMVAR	NTOTAL	META_ANALYSIS_GROUP
GBA	6.7102726397400945	1.9426110779353312e-11	1.02295	0.136435	6.49434e-14	1.4764	0.602972	0.0143439	0.736621419849181	0.439436764240767	0.0936823087648858	76.0	8.0	17.0	CMCWald	ALL_LOF_HC_LOFTEE_and_CADD_20_VEP	0.001	2	65543	meta_GNE_AMP_NIH_noRelateds_UKB_EXOM_ALL_PD_PHENOTYPES_CONTROL_2021
STK38L	4.335108106758467	1.456885061702754e-05	0.579294	0.276083	0.0358825	NA	NA	NA	3.24090182845821	0.803693762927899	5.51846481277504e-05	38.0	NA	9.0	CMCWald	ALL_LOF_HC_LOFTEE_and_CADD_20_VEP	0.001	2	65543	meta_GNE_AMP_NIH_noRelateds_UKB_EXOM_ALL_PD_PHENOTYPES_CONTROL_2021
MET	-3.952315537583309	7.739858821897636e-05	-0.377712	0.139663	0.00684168	-0.68264	0.281656	0.0153646	-0.395319117454889	0.230172224560319	0.0858891855021408	144.0	18.0	68.0	CMCWald	ALL_LOF_HC_LOFTEE_and_CADD_20_VEP	0.001	2	65543	meta_GNE_AMP_NIH_noRelateds_UKB_EXOM_ALL_PD_PHENOTYPES_CONTROL_2021
SORCS3	-3.8779318344307923	0.00010534822337063665	-0.247235	0.105918	0.0195842	-0.720921	0.279063	0.00978415	-0.448286343194865	0.249158608995149	0.0719869391006683	188.0	24.0	71.0	CMCWald	ALL_LOF_HC_LOFTEE_and_CADD_20_VEP	0.001	2	65543	meta_GNE_AMP_NIH_noRelateds_UKB_EXOM_ALL_PD_PHENOTYPES_CONTROL_2021
CFAP52	-3.78953769035126	0.0001509279113678353	-0.447446	0.194679	0.0215405	-1.31445	0.531338	0.0133666	-0.537127386386744	0.299829221319084	0.0732220056477578	82.0	8.0	51.0	CMCWald	ALL_LOF_HC_LOFTEE_and_CADD_20_VEP	0.001	2	65543	meta_GNE_AMP_NIH_noRelateds_UKB_EXOM_ALL_PD_PHENOTYPES_CONTROL_2021
NCAPD3	3.477178311592716	0.0005067207033782083	0.125595	0.109678	0.252159	0.186255	0.270641	0.491327	0.85039845786202	0.202991751680793	2.79785222179167e-05	209.0	22.0	74.0	CMCWald	ALL_LOF_HC_LOFTEE_and_CADD_20_VEP	0.001	2	65543	meta_GNE_AMP_NIH_noRelateds_UKB_EXOM_ALL_PD_PHENOTYPES_CONTROL_2021
BOLA1	3.41283942417365	0.0006428981123402132	0.247364	0.225253	0.272133	0.889975	0.603173	0.140081	1.17157331155303	0.351026706700978	0.0008451693777209	29.0	4.0	14.0	CMCWald	ALL_LOF_HC_LOFTEE_and_CADD_20_VEP	0.001	2	65543	meta_GNE_AMP_NIH_noRelateds_UKB_EXOM_ALL_PD_PHENOTYPES_CONTROL_2021
XKR7	-3.394636792032933	0.000687197006352475	-0.29127	0.159005	0.0669764	-1.5264	0.415208	0.000236693	-0.125475210402678	0.337639801717425	0.710172471801354	104.0	13.0	31.0	CMCWald	ALL_LOF_HC_LOFTEE_and_CADD_20_VEP	0.001	2	65543	meta_GNE_AMP_NIH_noRelateds_UKB_EXOM_ALL_PD_PHENOTYPES_CONTROL_2021
TNFRSF17	3.3941019640487653	0.00068854051180262	0.565513	0.187376	0.00254396	0.218925	0.436367	0.615879	0.994363216335367	0.421520294068358	0.0183246256400527	29.0	4.0	12.0	CMCWald	ALL_LOF_HC_LOFTEE_and_CADD_20_VEP	0.001	2	65543	meta_GNE_AMP_NIH_noRelateds_UKB_EXOM_ALL_PD_PHENOTYPES_CONTROL_2021
ANKRD29	-3.3456821976550093	0.0008208041332854824	-0.365151	0.198864	0.0663308	-1.01467	0.516456	0.0494504	-0.932573957923367	0.467683359166421	0.0461489375085295	62.0	10.0	31.0	CMCWald	ALL_LOF_HC_LOFTEE_and_CADD_20_VEP	0.001	2	65543	meta_GNE_AMP_NIH_noRelateds_UKB_EXOM_ALL_PD_PHENOTYPES_CONTROL_2021
ITIH5	3.3258141753329706	0.0008816068227692351	0.0789574	0.0936789	0.399312	0.548943	0.192315	0.004312	0.394126966209321	0.19102401900935	0.0390905427623405	157.0	25.0	70.0	CMCWald	ALL_LOF_HC_LOFTEE_and_CADD_20_VEP	0.001	2	65543	meta_GNE_AMP_NIH_noRelateds_UKB_EXOM_ALL_PD_PHENOTYPES_CONTROL_2021
RECK	-3.310975615099875	0.0009297130988091396	-0.249294	0.13426	0.0633388	-0.46593	0.338643	0.16886	-0.844637275847417	0.337570805088855	0.0123457638021058	145.0	17.0	49.0	CMCWald	ALL_LOF_HC_LOFTEE_and_CADD_20_VEP	0.001	2	65543	meta_GNE_AMP_NIH_noRelateds_UKB_EXOM_ALL_PD_PHENOTYPES_CONTROL_2021
LARP7	-3.2829574210493178	0.0010272418001065725	-0.27298	0.148304	0.0656688	-1.30602	0.707695	0.0649717	-0.894784492810677	0.447366651773015	0.0454879096377579	102.0	6.0	29.0	CMCWald	ALL_LOF_HC_LOFTEE_and_CADD_20_VEP	0.001	2	65543	meta_GNE_AMP_NIH_noRelateds_UKB_EXOM_ALL_PD_PHENOTYPES_CONTROL_2021
LOC340512	-3.273673731693736	0.001061591093524168	-1.30599	0.593377	0.0277404	-2.75192	1.13307	0.0151515	NA	NA	NA	32.0	2.0	NA	CMCWald	ALL_LOF_HC_LOFTEE_and_CADD_20_VEP	0.001	2	65543	meta_GNE_AMP_NIH_noRelateds_UKB_EXOM_ALL_PD_PHENOTYPES_CONTROL_2021
NTMT1	3.26534752991713	0.0010932984720847024	0.154085	0.17889	0.389053	1.4659	0.532033	0.00586415	0.906733182608991	0.444667071787198	0.0414372306177388	83.0	9.0	16.0	CMCWald	ALL_LOF_HC_LOFTEE_and_CADD_20_VEP	0.001	2	65543	meta_GNE_AMP_NIH_noRelateds_UKB_EXOM_ALL_PD_PHENOTYPES_CONTROL_2021
RASAL1	3.2642412028457772	0.0010975768283064257	0.283023	0.0968189	0.00346429	0.315119	0.241018	0.19106	0.309108660278086	0.217198662340384	0.154689495365651	147.0	19.0	63.0	CMCWald	ALL_LOF_HC_LOFTEE_and_CADD_20_VEP	0.001	2	65543	meta_GNE_AMP_NIH_noRelateds_UKB_EXOM_ALL_PD_PHENOTYPES_CONTROL_2021
IL31RA	3.243840198659463	0.0011792988808467365	0.428699	0.161268	0.0078537	0.385513	0.3865	0.318548	0.612876452570931	0.312254272222499	0.0496754611079914	63.0	6.0	25.0	CMCWald	ALL_LOF_HC_LOFTEE_and_CADD_20_VEP	0.001	2	65543	meta_GNE_AMP_NIH_noRelateds_UKB_EXOM_ALL_PD_PHENOTYPES_CONTROL_2021
ENDOU	-3.234108387110959	0.0012202313741308999	-0.64332	0.230131	0.00518271	-1.02739	0.524955	0.0503348	-0.307231263029505	0.361836913935944	0.395832509485096	55.0	11.0	27.0	CMCWald	ALL_LOF_HC_LOFTEE_and_CADD_20_VEP	0.001	2	65543	meta_GNE_AMP_NIH_noRelateds_UKB_EXOM_ALL_PD_PHENOTYPES_CONTROL_2021
WDR92	-3.2142284166210913	0.0013079558026661113	-0.615251	0.264012	0.0197858	-0.887595	0.443565	0.0453871	-0.584484676369911	0.472972699856545	0.216544695775095	53.0	6.0	21.0	CMCWald	ALL_LOF_HC_LOFTEE_and_CADD_20_VEP	0.001	2	65543	meta_GNE_AMP_NIH_noRelateds_UKB_EXOM_ALL_PD_PHENOTYPES_CONTROL_2021
PRB1	3.1975050981391795	0.0013862196097160604	0.602103	0.188304	0.00138626	NA	NA	NA	NA	NA	NA	28.0	NA	NA	CMCWald	ALL_LOF_HC_LOFTEE_and_CADD_20_VEP	0.001	2	65543	meta_GNE_AMP_NIH_noRelateds_UKB_EXOM_ALL_PD_PHENOTYPES_CONTROL_2021
GDF9	3.1873347084778283	0.0014359050354217947	0.261304	0.196375	0.183308	1.24329	0.707211	0.0787451	0.705519576007581	0.290102162896651	0.0150169769445698	40.0	5.0	33.0	CMCWald	ALL_LOF_HC_LOFTEE_and_CADD_20_VEP	0.001	2	65543	meta_GNE_AMP_NIH_noRelateds_UKB_EXOM_ALL_PD_PHENOTYPES_CONTROL_2021
C9orf43	3.1848306276802028	0.0014483875228151865	0.240216	0.216705	0.267649	2.60964	0.867314	0.00262218	0.572482419153038	0.409231803352259	0.161837073429235	42.0	5.0	17.0	CMCWald	ALL_LOF_HC_LOFTEE_and_CADD_20_VEP	0.001	2	65543	meta_GNE_AMP_NIH_noRelateds_UKB_EXOM_ALL_PD_PHENOTYPES_CONTROL_2021
HNRNPM	3.1839481197139667	0.0014528104817658966	0.259795	0.115025	0.0239085	0.378445	0.263733	0.1513	0.461432892674368	0.253366261999532	0.0685751072920194	147.0	17.0	37.0	CMCWald	ALL_LOF_HC_LOFTEE_and_CADD_20_VEP	0.001	2	65543	meta_GNE_AMP_NIH_noRelateds_UKB_EXOM_ALL_PD_PHENOTYPES_CONTROL_2021
RPS27A	3.181866446414065	0.001463292782915125	0.127741	0.214332	0.551176	1.61594	0.81159	0.0464723	2.1940215274386	0.750329041934815	0.0034547685893347	21.0	5.0	4.0	CMCWald	ALL_LOF_HC_LOFTEE_and_CADD_20_VEP	0.001	2	65543	meta_GNE_AMP_NIH_noRelateds_UKB_EXOM_ALL_PD_PHENOTYPES_CONTROL_2021
 
COHORT: GNE_AMP_NIH_UKB_ALL_PD_PHENO_META; VARIANT GROUP: ALL_LOF_HC_LOFTEE_and_CADD_20_VEP; MAF: 0.01; NUMVAR >= 2
GENE	TEST_STAT_WEIGHTEDZ	META_PVAL	UKB_ALL_CASES_BETA	UKB_ALL_CASES_SE	UKB_ALL_CASES_PVAL	AMP_NIH_BETA	AMP_NIH_SE	AMP_NIH_PVAL	GNE_BETA	GNE_SE	GNE_PVAL	UKB_ALL_CASES_NUMVAR	AMP_NIH_NUMVAR	GNE_NUMVAR	TEST	VARIANT_GROUP	MAF	MIN_NUMVAR	NTOTAL	META_ANALYSIS_GROUP
GBA	9.686543152273117	3.4397416089690564e-22	0.535062	0.0722519	1.30653e-13	0.570242	0.134312	2.17967e-05	0.665562299143836	0.129829707893833	2.95295141531058e-07	78.0	10.0	19.0	CMCWald	ALL_LOF_HC_LOFTEE_and_CADD_20_VEP	0.01	2	65543	meta_GNE_AMP_NIH_noRelateds_UKB_EXOM_ALL_PD_PHENOTYPES_CONTROL_2021
STK38L	4.335108106758467	1.456885061702754e-05	0.579294	0.276083	0.0358825	NA	NA	NA	3.24090182845821	0.803693762927899	5.51846481277504e-05	38.0	NA	9.0	CMCWald	ALL_LOF_HC_LOFTEE_and_CADD_20_VEP	0.01	2	65543	meta_GNE_AMP_NIH_noRelateds_UKB_EXOM_ALL_PD_PHENOTYPES_CONTROL_2021
SORCS3	-3.7327017877403885	0.00018943682677179308	-0.20467	0.0982731	0.0372816	-0.720921	0.279063	0.00978415	-0.448286343194865	0.249158608995149	0.0719869391006683	189.0	24.0	71.0	CMCWald	ALL_LOF_HC_LOFTEE_and_CADD_20_VEP	0.01	2	65543	meta_GNE_AMP_NIH_noRelateds_UKB_EXOM_ALL_PD_PHENOTYPES_CONTROL_2021
HIVEP2	3.6501864273122586	0.00026205004435673026	0.145469	0.0510626	0.00438805	0.146682	0.130324	0.260367	0.289103989835548	0.123130182372788	0.0188768583541468	253.0	25.0	90.0	CMCWald	ALL_LOF_HC_LOFTEE_and_CADD_20_VEP	0.01	2	65543	meta_GNE_AMP_NIH_noRelateds_UKB_EXOM_ALL_PD_PHENOTYPES_CONTROL_2021
TMEM151A	-3.6251767410628593	0.00028876389680035553	-0.127047	0.099214	0.200355	-0.715254	0.190399	0.000172228	-1.89141055074731	1.5230594801567	0.214292120361903	88.0	11.0	3.0	CMCWald	ALL_LOF_HC_LOFTEE_and_CADD_20_VEP	0.01	2	65543	meta_GNE_AMP_NIH_noRelateds_UKB_EXOM_ALL_PD_PHENOTYPES_CONTROL_2021
MYOM3	-3.5463819934924876	0.00039055961922443525	-0.103054	0.0726329	0.155948	-0.388997	0.143909	0.00687017	-0.270974569058296	0.134105731823825	0.043320781563301	234.0	49.0	130.0	CMCWald	ALL_LOF_HC_LOFTEE_and_CADD_20_VEP	0.01	2	65543	meta_GNE_AMP_NIH_noRelateds_UKB_EXOM_ALL_PD_PHENOTYPES_CONTROL_2021
DCDC2C	3.5320717027836452	0.00041231753944467176	0.32147	0.162215	0.0475066	0.653973	0.164432	6.9745e-05	0.0657503239186211	0.414015607337912	0.873817608306816	47.0	9.0	8.0	CMCWald	ALL_LOF_HC_LOFTEE_and_CADD_20_VEP	0.01	2	65543	meta_GNE_AMP_NIH_noRelateds_UKB_EXOM_ALL_PD_PHENOTYPES_CONTROL_2021
CGN	3.5066962736250664	0.00045370669500589844	0.0932708	0.049911	0.0616586	0.249448	0.0991477	0.0118721	0.216654767742938	0.128265594767221	0.0911982488128765	231.0	36.0	112.0	CMCWald	ALL_LOF_HC_LOFTEE_and_CADD_20_VEP	0.01	2	65543	meta_GNE_AMP_NIH_noRelateds_UKB_EXOM_ALL_PD_PHENOTYPES_CONTROL_2021
MIER2	-3.4814129293281972	0.0004987759140961757	-0.00235015	0.103637	0.981908	-1.06721	0.349501	0.00226177	-0.654981577285064	0.221743337288428	0.0031390521015556	87.0	15.0	38.0	CMCWald	ALL_LOF_HC_LOFTEE_and_CADD_20_VEP	0.01	2	65543	meta_GNE_AMP_NIH_noRelateds_UKB_EXOM_ALL_PD_PHENOTYPES_CONTROL_2021
LRRK2	3.46556892212743	0.0005291108906580237	0.0254492	0.0564862	0.652323	0.322983	0.112698	0.00415788	0.287407260203841	0.10699848866288	0.0072294240094887	357.0	49.0	118.0	CMCWald	ALL_LOF_HC_LOFTEE_and_CADD_20_VEP	0.01	2	65543	meta_GNE_AMP_NIH_noRelateds_UKB_EXOM_ALL_PD_PHENOTYPES_CONTROL_2021
NAALADL1	3.437981981864278	0.0005860666942496901	0.0613746	0.0788803	0.436526	0.33353	0.158157	0.0349575	0.532603518580831	0.173609031848876	0.0021561707136018	133.0	26.0	67.0	CMCWald	ALL_LOF_HC_LOFTEE_and_CADD_20_VEP	0.01	2	65543	meta_GNE_AMP_NIH_noRelateds_UKB_EXOM_ALL_PD_PHENOTYPES_CONTROL_2021
XKR7	-3.394636792032933	0.000687197006352475	-0.29127	0.159005	0.0669764	-1.5264	0.415208	0.000236693	-0.125475210402678	0.337639801717425	0.710172471801354	104.0	13.0	31.0	CMCWald	ALL_LOF_HC_LOFTEE_and_CADD_20_VEP	0.01	2	65543	meta_GNE_AMP_NIH_noRelateds_UKB_EXOM_ALL_PD_PHENOTYPES_CONTROL_2021
TNFRSF17	3.3941019640487653	0.00068854051180262	0.565513	0.187376	0.00254396	0.218925	0.436367	0.615879	0.994363216335367	0.421520294068358	0.0183246256400527	29.0	4.0	12.0	CMCWald	ALL_LOF_HC_LOFTEE_and_CADD_20_VEP	0.01	2	65543	meta_GNE_AMP_NIH_noRelateds_UKB_EXOM_ALL_PD_PHENOTYPES_CONTROL_2021
ANKRD29	-3.3456821976550093	0.0008208041332854824	-0.365151	0.198864	0.0663308	-1.01467	0.516456	0.0494504	-0.932573957923367	0.467683359166421	0.0461489375085295	62.0	10.0	31.0	CMCWald	ALL_LOF_HC_LOFTEE_and_CADD_20_VEP	0.01	2	65543	meta_GNE_AMP_NIH_noRelateds_UKB_EXOM_ALL_PD_PHENOTYPES_CONTROL_2021
TAP1	3.302260405344799	0.0009590898556589386	0.155788	0.0780925	0.0460516	0.51023	0.174731	0.00349938	0.130090780764205	0.161668137007446	0.42100556237562	90.0	12.0	29.0	CMCWald	ALL_LOF_HC_LOFTEE_and_CADD_20_VEP	0.01	2	65543	meta_GNE_AMP_NIH_noRelateds_UKB_EXOM_ALL_PD_PHENOTYPES_CONTROL_2021
TMEM209	3.271587570394918	0.001069454624004344	0.136007	0.0773677	0.0787594	0.472813	0.172651	0.00617103	0.241517068731887	0.206411049332139	0.241969501128421	100.0	15.0	43.0	CMCWald	ALL_LOF_HC_LOFTEE_and_CADD_20_VEP	0.01	2	65543	meta_GNE_AMP_NIH_noRelateds_UKB_EXOM_ALL_PD_PHENOTYPES_CONTROL_2021
NTMT1	3.26534752991713	0.0010932984720847024	0.154085	0.17889	0.389053	1.4659	0.532033	0.00586415	0.906733182608991	0.444667071787198	0.0414372306177388	83.0	9.0	16.0	CMCWald	ALL_LOF_HC_LOFTEE_and_CADD_20_VEP	0.01	2	65543	meta_GNE_AMP_NIH_noRelateds_UKB_EXOM_ALL_PD_PHENOTYPES_CONTROL_2021
IL31RA	3.243840198659463	0.0011792988808467365	0.428699	0.161268	0.0078537	0.385513	0.3865	0.318548	0.612876452570931	0.312254272222499	0.0496754611079914	63.0	6.0	25.0	CMCWald	ALL_LOF_HC_LOFTEE_and_CADD_20_VEP	0.01	2	65543	meta_GNE_AMP_NIH_noRelateds_UKB_EXOM_ALL_PD_PHENOTYPES_CONTROL_2021
HNRNPM	3.2331682302483307	0.001224254452513606	0.181296	0.0779082	0.0199628	0.350271	0.184266	0.0573162	0.270378441693425	0.197059284221375	0.170042738106947	150.0	19.0	39.0	CMCWald	ALL_LOF_HC_LOFTEE_and_CADD_20_VEP	0.01	2	65543	meta_GNE_AMP_NIH_noRelateds_UKB_EXOM_ALL_PD_PHENOTYPES_CONTROL_2021
WDR92	-3.2142284166210913	0.0013079558026661113	-0.615251	0.264012	0.0197858	-0.887595	0.443565	0.0453871	-0.584484676369911	0.472972699856545	0.216544695775095	53.0	6.0	21.0	CMCWald	ALL_LOF_HC_LOFTEE_and_CADD_20_VEP	0.01	2	65543	meta_GNE_AMP_NIH_noRelateds_UKB_EXOM_ALL_PD_PHENOTYPES_CONTROL_2021
PHF23	3.202415029555674	0.0013628049812331193	0.151338	0.170215	0.373951	1.43882	0.426261	0.000736983	0.465840266052162	0.363312477174432	0.199771523381866	68.0	9.0	28.0	CMCWald	ALL_LOF_HC_LOFTEE_and_CADD_20_VEP	0.01	2	65543	meta_GNE_AMP_NIH_noRelateds_UKB_EXOM_ALL_PD_PHENOTYPES_CONTROL_2021
PRB1	3.1975050981391795	0.0013862196097160604	0.602103	0.188304	0.00138626	NA	NA	NA	NA	NA	NA	28.0	NA	NA	CMCWald	ALL_LOF_HC_LOFTEE_and_CADD_20_VEP	0.01	2	65543	meta_GNE_AMP_NIH_noRelateds_UKB_EXOM_ALL_PD_PHENOTYPES_CONTROL_2021
KIF21A	3.1953201373856928	0.001396758126544871	0.14493	0.0614961	0.0184366	0.280183	0.142562	0.0493751	0.180605033550923	0.148967272984201	0.225366719081242	228.0	21.0	82.0	CMCWald	ALL_LOF_HC_LOFTEE_and_CADD_20_VEP	0.01	2	65543	meta_GNE_AMP_NIH_noRelateds_UKB_EXOM_ALL_PD_PHENOTYPES_CONTROL_2021
C9orf43	3.1848306276802028	0.0014483875228151865	0.240216	0.216705	0.267649	2.60964	0.867314	0.00262218	0.572482419153038	0.409231803352259	0.161837073429235	42.0	5.0	17.0	CMCWald	ALL_LOF_HC_LOFTEE_and_CADD_20_VEP	0.01	2	65543	meta_GNE_AMP_NIH_noRelateds_UKB_EXOM_ALL_PD_PHENOTYPES_CONTROL_2021
 
