COHORT: GNE_AMP_NIH_UKB_ALL_PD_PHENO_META; VARIANT GROUP: ALL_MISSENSE_SNPEFF; MAF: 0.001; NUMVAR >= 2
GENE	TEST_STAT_SUMMEDZ	META_PVAL	UKB_ALL_CASES_BETA	UKB_ALL_CASES_SE	UKB_ALL_CASES_PVAL	AMP_NIH_BETA	AMP_NIH_SE	AMP_NIH_PVAL	GNE_BETA	GNE_SE	GNE_PVAL	UKB_ALL_CASES_NUMVAR	AMP_NIH_NUMVAR	GNE_NUMVAR	TEST	VARIANT_GROUP	MAF	MIN_NUMVAR	META_ANALYSIS_GROUP
GBA	11.839425095980562	2.4412058814310114e-32	0.867041	0.122605	1.52885e-12	0.87011	0.352526	0.013579	1.08402952257042	0.471443072375037	0.0214830395852572	83.0	15.0	16.0	CMCWald	ALL_MISSENSE_SNPEFF	0.001	2	meta_GNE_AMP_NIH_noRelateds_UKB_EXOM_ALL_PD_PHENOTYPES_CONTROL_2021
MET	-7.098949375614825	1.2570884300548716e-12	-0.349222	0.12108	0.00392371	-0.52554	0.237313	0.0267918	-0.362638804910361	0.181303048169148	0.0454807865751501	190.0	24.0	97.0	CMCWald	ALL_MISSENSE_SNPEFF	0.001	2	meta_GNE_AMP_NIH_noRelateds_UKB_EXOM_ALL_PD_PHENOTYPES_CONTROL_2021
CFAP52	-6.891441233485027	5.52299375842076e-12	-0.365452	0.165489	0.027222	-0.852688	0.351345	0.0152275	-0.6231134543155	0.276178267504769	0.0240580978725804	93.0	13.0	57.0	CMCWald	ALL_MISSENSE_SNPEFF	0.001	2	meta_GNE_AMP_NIH_noRelateds_UKB_EXOM_ALL_PD_PHENOTYPES_CONTROL_2021
STK38L	6.759040562414538	1.3890850546792101e-11	0.528891	0.254033	0.0373442	1.22117	1.33842	0.36156	2.70889872077252	0.719558784846649	0.0001667716361832	37.0	2.0	11.0	CMCWald	ALL_MISSENSE_SNPEFF	0.001	2	meta_GNE_AMP_NIH_noRelateds_UKB_EXOM_ALL_PD_PHENOTYPES_CONTROL_2021
ENDOU	-6.385466358349906	1.7087590746861364e-10	-0.461786	0.191373	0.0158211	-1.13946	0.477393	0.0169943	-0.540327449537089	0.340768930797856	0.112827256736117	67.0	13.0	35.0	CMCWald	ALL_MISSENSE_SNPEFF	0.001	2	meta_GNE_AMP_NIH_noRelateds_UKB_EXOM_ALL_PD_PHENOTYPES_CONTROL_2021
IRX6	6.3370660195431165	2.3418166526994893e-10	0.434849	0.120971	0.000324811	0.522463	0.364466	0.151714	0.283929940875569	0.216921171358496	0.190565384718304	107.0	12.0	49.0	CMCWald	ALL_MISSENSE_SNPEFF	0.001	2	meta_GNE_AMP_NIH_noRelateds_UKB_EXOM_ALL_PD_PHENOTYPES_CONTROL_2021
LAT	6.148996705162378	7.797459868405625e-10	0.309832	0.149089	0.0376945	0.232223	0.384879	0.546265	1.07426120812588	0.309811928992314	0.0005253972822846	54.0	11.0	24.0	CMCWald	ALL_MISSENSE_SNPEFF	0.001	2	meta_GNE_AMP_NIH_noRelateds_UKB_EXOM_ALL_PD_PHENOTYPES_CONTROL_2021
SDR16C5	-6.147352514023773	7.878690040987497e-10	-0.425907	0.222463	0.0555556	-1.1465	0.519255	0.0272457	-0.739828703929925	0.365370179635405	0.0428802683518319	57.0	6.0	38.0	CMCWald	ALL_MISSENSE_SNPEFF	0.001	2	meta_GNE_AMP_NIH_noRelateds_UKB_EXOM_ALL_PD_PHENOTYPES_CONTROL_2021
FAM163B	5.953762004670751	2.620477986320357e-09	0.470697	0.180332	0.00904981	0.875654	0.663983	0.187239	0.779833770623014	0.385140527547296	0.0428875769024872	58.0	4.0	24.0	CMCWald	ALL_MISSENSE_SNPEFF	0.001	2	meta_GNE_AMP_NIH_noRelateds_UKB_EXOM_ALL_PD_PHENOTYPES_CONTROL_2021
ADORA1	5.932357150382549	2.986161675878073e-09	0.331983	0.182339	0.0686536	0.336044	0.498973	0.500647	1.13607511914656	0.330427801492552	0.0005856064517807	44.0	6.0	26.0	CMCWald	ALL_MISSENSE_SNPEFF	0.001	2	meta_GNE_AMP_NIH_noRelateds_UKB_EXOM_ALL_PD_PHENOTYPES_CONTROL_2021
KCTD20	-5.874290812751529	4.246573316751047e-09	-0.231604	0.182705	0.204928	-1.53249	0.660337	0.0202996	-0.732246609873276	0.32033436262615	0.0222611524641467	67.0	8.0	29.0	CMCWald	ALL_MISSENSE_SNPEFF	0.001	2	meta_GNE_AMP_NIH_noRelateds_UKB_EXOM_ALL_PD_PHENOTYPES_CONTROL_2021
RASAL1	5.870139588873549	4.354283706042405e-09	0.192379	0.0973538	0.0481454	0.294965	0.221892	0.183743	0.456605215991804	0.178031729335	0.0103252945807353	160.0	23.0	85.0	CMCWald	ALL_MISSENSE_SNPEFF	0.001	2	meta_GNE_AMP_NIH_noRelateds_UKB_EXOM_ALL_PD_PHENOTYPES_CONTROL_2021
TMEM139	-5.839250546319105	5.243616380436184e-09	-0.772492	0.395721	0.050925	-0.673056	0.508628	0.185743	-0.492608227431826	0.19213536242079	0.0103515200383539	37.0	5.0	22.0	CMCWald	ALL_MISSENSE_SNPEFF	0.001	2	meta_GNE_AMP_NIH_noRelateds_UKB_EXOM_ALL_PD_PHENOTYPES_CONTROL_2021
BOLA1	5.786939197131996	7.168050958241622e-09	0.285687	0.231053	0.216288	0.826028	0.617221	0.180798	1.09138563558828	0.339764698226677	0.0013173145056984	27.0	3.0	15.0	CMCWald	ALL_MISSENSE_SNPEFF	0.001	2	meta_GNE_AMP_NIH_noRelateds_UKB_EXOM_ALL_PD_PHENOTYPES_CONTROL_2021
FAM186B	5.705801762956586	1.157967066951155e-08	0.0355988	0.104355	0.733003	0.453466	0.209124	0.0301275	0.596224209227076	0.18653791903586	0.0013922024979948	147.0	29.0	81.0	CMCWald	ALL_MISSENSE_SNPEFF	0.001	2	meta_GNE_AMP_NIH_noRelateds_UKB_EXOM_ALL_PD_PHENOTYPES_CONTROL_2021
BEAN1	-5.664575311059823	1.4738911857479818e-08	-0.340189	0.214648	0.112995	-0.869665	0.340008	0.0105342	-0.313855769002453	0.206222471101135	0.128027102977151	68.0	19.0	49.0	CMCWald	ALL_MISSENSE_SNPEFF	0.001	2	meta_GNE_AMP_NIH_noRelateds_UKB_EXOM_ALL_PD_PHENOTYPES_CONTROL_2021
C5orf38	-5.601507847195443	2.1249516618452685e-08	-0.453745	0.208972	0.0299071	-0.505027	0.351873	0.151215	-0.944417049004787	0.473407519910169	0.0460500114739601	56.0	12.0	18.0	CMCWald	ALL_MISSENSE_SNPEFF	0.001	2	meta_GNE_AMP_NIH_noRelateds_UKB_EXOM_ALL_PD_PHENOTYPES_CONTROL_2021
H2BC21	5.598829031343888	2.1580449354015696e-08	1.17313	0.40873	0.00410243	1.83914	0.674012	0.00635946	NA	NA	NA	13.0	2.0	NA	CMCWald	ALL_MISSENSE_SNPEFF	0.001	2	meta_GNE_AMP_NIH_noRelateds_UKB_EXOM_ALL_PD_PHENOTYPES_CONTROL_2021
SMIM19	5.582870168700395	2.365813576511844e-08	0.807054	0.293474	0.0059595	1.29623	0.803372	0.106639	0.700234398390176	0.57425360288998	0.222699310182292	20.0	3.0	9.0	CMCWald	ALL_MISSENSE_SNPEFF	0.001	2	meta_GNE_AMP_NIH_noRelateds_UKB_EXOM_ALL_PD_PHENOTYPES_CONTROL_2021
GDF9	5.579866567334912	2.407031628663875e-08	0.0135989	0.181281	0.940202	1.01594	0.511079	0.0468296	0.840472856102473	0.238973186775327	0.0004364251712774	66.0	7.0	43.0	CMCWald	ALL_MISSENSE_SNPEFF	0.001	2	meta_GNE_AMP_NIH_noRelateds_UKB_EXOM_ALL_PD_PHENOTYPES_CONTROL_2021
NPRL3	5.558677575682964	2.7182631037293647e-08	0.0825609	0.1053	0.433006	0.311938	0.253831	0.219101	0.741796191430629	0.209209881531242	0.0003915666431376	158.0	25.0	66.0	CMCWald	ALL_MISSENSE_SNPEFF	0.001	2	meta_GNE_AMP_NIH_noRelateds_UKB_EXOM_ALL_PD_PHENOTYPES_CONTROL_2021
ATP8B2	5.555171886613393	2.7733871237017594e-08	0.201311	0.101617	0.047582	0.346879	0.25032	0.165826	0.334259296976928	0.152744643980097	0.0286438527755737	170.0	21.0	81.0	CMCWald	ALL_MISSENSE_SNPEFF	0.001	2	meta_GNE_AMP_NIH_noRelateds_UKB_EXOM_ALL_PD_PHENOTYPES_CONTROL_2021
DSEL	5.543907725101313	2.9579475688056856e-08	0.0908342	0.102682	0.376364	0.669373	0.267761	0.0124232	0.411615758897442	0.190615684119216	0.030819045993025	198.0	22.0	77.0	CMCWald	ALL_MISSENSE_SNPEFF	0.001	2	meta_GNE_AMP_NIH_noRelateds_UKB_EXOM_ALL_PD_PHENOTYPES_CONTROL_2021
FDFT1	-5.540129543244672	3.022479792892091e-08	-0.388197	0.154607	0.0120439	-0.526836	0.424923	0.215035	-0.548544015584039	0.306547168351678	0.0735459504879885	146.0	10.0	67.0	CMCWald	ALL_MISSENSE_SNPEFF	0.001	2	meta_GNE_AMP_NIH_noRelateds_UKB_EXOM_ALL_PD_PHENOTYPES_CONTROL_2021
 
COHORT: GNE_AMP_NIH_UKB_ALL_PD_PHENO_META; VARIANT GROUP: ALL_MISSENSE_SNPEFF; MAF: 0.01; NUMVAR >= 2
GENE	TEST_STAT_SUMMEDZ	META_PVAL	UKB_ALL_CASES_BETA	UKB_ALL_CASES_SE	UKB_ALL_CASES_PVAL	AMP_NIH_BETA	AMP_NIH_SE	AMP_NIH_PVAL	GNE_BETA	GNE_SE	GNE_PVAL	UKB_ALL_CASES_NUMVAR	AMP_NIH_NUMVAR	GNE_NUMVAR	TEST	VARIANT_GROUP	MAF	MIN_NUMVAR	META_ANALYSIS_GROUP
GBA	17.125593663595943	9.5628950896394e-66	0.52337	0.0701377	8.51999e-14	0.567902	0.129786	1.21058e-05	0.690006718764457	0.130488388603738	1.23743257136136e-07	85.0	17.0	18.0	CMCWald	ALL_MISSENSE_SNPEFF	0.01	2	meta_GNE_AMP_NIH_noRelateds_UKB_EXOM_ALL_PD_PHENOTYPES_CONTROL_2021
ZNF184	6.768449793697941	1.3016954288557672e-11	0.21347	0.105231	0.0425017	0.380108	0.191578	0.047245	0.506065190243633	0.183638063616392	0.0058553254772467	84.0	5.0	33.0	CMCWald	ALL_MISSENSE_SNPEFF	0.01	2	meta_GNE_AMP_NIH_noRelateds_UKB_EXOM_ALL_PD_PHENOTYPES_CONTROL_2021
STK38L	6.759040562414538	1.3890850546792101e-11	0.528891	0.254033	0.0373442	1.22117	1.33842	0.36156	2.70889872077252	0.719558784846649	0.0001667716361832	37.0	2.0	11.0	CMCWald	ALL_MISSENSE_SNPEFF	0.01	2	meta_GNE_AMP_NIH_noRelateds_UKB_EXOM_ALL_PD_PHENOTYPES_CONTROL_2021
LSR	6.463092816920637	1.0258432498851671e-10	0.145308	0.0683974	0.0336307	0.373314	0.190697	0.050274	0.288528324303496	0.121179626371041	0.0172658535488151	149.0	25.0	72.0	CMCWald	ALL_MISSENSE_SNPEFF	0.01	2	meta_GNE_AMP_NIH_noRelateds_UKB_EXOM_ALL_PD_PHENOTYPES_CONTROL_2021
NUP210	6.412626093276007	1.4303403214249215e-10	0.0973278	0.0448132	0.0298666	0.165424	0.0915671	0.0708268	0.219716494616765	0.0902629415717801	0.0149254576408459	370.0	59.0	199.0	CMCWald	ALL_MISSENSE_SNPEFF	0.01	2	meta_GNE_AMP_NIH_noRelateds_UKB_EXOM_ALL_PD_PHENOTYPES_CONTROL_2021
IRX6	6.3370660195431165	2.3418166526994893e-10	0.434849	0.120971	0.000324811	0.522463	0.364466	0.151714	0.283929940875569	0.216921171358496	0.190565384718304	107.0	12.0	49.0	CMCWald	ALL_MISSENSE_SNPEFF	0.01	2	meta_GNE_AMP_NIH_noRelateds_UKB_EXOM_ALL_PD_PHENOTYPES_CONTROL_2021
UMODL1	-6.1890984613131845	6.050928035725337e-10	-0.0742161	0.0455737	0.103422	-0.235628	0.0976252	0.0157957	-0.214663105618905	0.0999821152577038	0.0317920839346485	348.0	68.0	180.0	CMCWald	ALL_MISSENSE_SNPEFF	0.01	2	meta_GNE_AMP_NIH_noRelateds_UKB_EXOM_ALL_PD_PHENOTYPES_CONTROL_2021
PARP9	6.155428686092559	7.487468287865893e-10	0.157022	0.0739333	0.0336845	0.255248	0.155686	0.101108	0.454820581867328	0.190135206803651	0.016752720582394	135.0	27.0	78.0	CMCWald	ALL_MISSENSE_SNPEFF	0.01	2	meta_GNE_AMP_NIH_noRelateds_UKB_EXOM_ALL_PD_PHENOTYPES_CONTROL_2021
LAT	6.148996705162378	7.797459868405625e-10	0.309832	0.149089	0.0376945	0.232223	0.384879	0.546265	1.07426120812588	0.309811928992314	0.0005253972822846	54.0	11.0	24.0	CMCWald	ALL_MISSENSE_SNPEFF	0.01	2	meta_GNE_AMP_NIH_noRelateds_UKB_EXOM_ALL_PD_PHENOTYPES_CONTROL_2021
SDR16C5	-6.147352514023773	7.878690040987497e-10	-0.425907	0.222463	0.0555556	-1.1465	0.519255	0.0272457	-0.739828703929925	0.365370179635405	0.0428802683518319	57.0	6.0	38.0	CMCWald	ALL_MISSENSE_SNPEFF	0.01	2	meta_GNE_AMP_NIH_noRelateds_UKB_EXOM_ALL_PD_PHENOTYPES_CONTROL_2021
RNF114	6.051601127262409	1.4341321059380154e-09	0.113843	0.11164	0.307855	0.268103	0.194885	0.168915	0.759777852904681	0.207807061135968	0.0002560120421331	41.0	9.0	23.0	CMCWald	ALL_MISSENSE_SNPEFF	0.01	2	meta_GNE_AMP_NIH_noRelateds_UKB_EXOM_ALL_PD_PHENOTYPES_CONTROL_2021
PPFIBP2	5.994610182742644	2.039741301636218e-09	0.185745	0.0655942	0.00462977	0.0731436	0.126912	0.564391	0.361875651361123	0.139906801754431	0.0096942680878741	212.0	47.0	105.0	CMCWald	ALL_MISSENSE_SNPEFF	0.01	2	meta_GNE_AMP_NIH_noRelateds_UKB_EXOM_ALL_PD_PHENOTYPES_CONTROL_2021
KBTBD13	-5.8473348792494075	4.9951126496328705e-09	-0.174924	0.0719467	0.0150445	-0.477905	0.184575	0.00961947	-0.173691956887367	0.210073145352447	0.408341038379032	131.0	14.0	23.0	CMCWald	ALL_MISSENSE_SNPEFF	0.01	2	meta_GNE_AMP_NIH_noRelateds_UKB_EXOM_ALL_PD_PHENOTYPES_CONTROL_2021
LRRK2	5.830671147080552	5.5204884854049335e-09	0.0467883	0.0551034	0.395826	0.33171	0.109715	0.0024996	0.196976010815823	0.100590737203525	0.0502074479199019	395.0	56.0	179.0	CMCWald	ALL_MISSENSE_SNPEFF	0.01	2	meta_GNE_AMP_NIH_noRelateds_UKB_EXOM_ALL_PD_PHENOTYPES_CONTROL_2021
OR51I1	5.808223947165249	6.313902674845997e-09	0.168618	0.0701629	0.0162507	0.104057	0.118341	0.379239	0.421587853593874	0.166919867007667	0.011547129402261	58.0	14.0	36.0	CMCWald	ALL_MISSENSE_SNPEFF	0.01	2	meta_GNE_AMP_NIH_noRelateds_UKB_EXOM_ALL_PD_PHENOTYPES_CONTROL_2021
ADORA1	5.748100303477011	9.025169735206915e-09	0.144216	0.121377	0.234768	0.438241	0.297819	0.141156	0.659743667814118	0.213617582461457	0.0020121481610491	45.0	7.0	27.0	CMCWald	ALL_MISSENSE_SNPEFF	0.01	2	meta_GNE_AMP_NIH_noRelateds_UKB_EXOM_ALL_PD_PHENOTYPES_CONTROL_2021
ASPSCR1	5.718333662910237	1.0757374982258897e-08	0.257244	0.0729355	0.000420296	0.0650107	0.149067	0.662753	0.27140244960989	0.154626802644263	0.0792234611149891	201.0	41.0	92.0	CMCWald	ALL_MISSENSE_SNPEFF	0.01	2	meta_GNE_AMP_NIH_noRelateds_UKB_EXOM_ALL_PD_PHENOTYPES_CONTROL_2021
IPO4	-5.606444771367492	2.065248347770657e-08	-0.30753	0.100903	0.00230542	-0.391247	0.177585	0.0275843	-0.0559858941421384	0.157479267579732	0.722205463198752	209.0	30.0	128.0	CMCWald	ALL_MISSENSE_SNPEFF	0.01	2	meta_GNE_AMP_NIH_noRelateds_UKB_EXOM_ALL_PD_PHENOTYPES_CONTROL_2021
C5orf38	-5.601507847195443	2.1249516618452685e-08	-0.453745	0.208972	0.0299071	-0.505027	0.351873	0.151215	-0.944417049004787	0.473407519910169	0.0460500114739601	56.0	12.0	18.0	CMCWald	ALL_MISSENSE_SNPEFF	0.01	2	meta_GNE_AMP_NIH_noRelateds_UKB_EXOM_ALL_PD_PHENOTYPES_CONTROL_2021
PEBP4	-5.587894980397236	2.2983856085586194e-08	-0.25341	0.0932507	0.00657749	-0.395828	0.290004	0.172283	-0.458683552833302	0.304676649351212	0.132201599735495	54.0	5.0	20.0	CMCWald	ALL_MISSENSE_SNPEFF	0.01	2	meta_GNE_AMP_NIH_noRelateds_UKB_EXOM_ALL_PD_PHENOTYPES_CONTROL_2021
SMIM19	5.582870168700395	2.365813576511844e-08	0.807054	0.293474	0.0059595	1.29623	0.803372	0.106639	0.700234398390176	0.57425360288998	0.222699310182292	20.0	3.0	9.0	CMCWald	ALL_MISSENSE_SNPEFF	0.01	2	meta_GNE_AMP_NIH_noRelateds_UKB_EXOM_ALL_PD_PHENOTYPES_CONTROL_2021
IQCF3	5.575330199992395	2.4706078734317662e-08	0.23016	0.122351	0.0599526	0.296479	0.164967	0.0723031	0.735811122556245	0.387884910707584	0.0578301678625724	50.0	13.0	22.0	CMCWald	ALL_MISSENSE_SNPEFF	0.01	2	meta_GNE_AMP_NIH_noRelateds_UKB_EXOM_ALL_PD_PHENOTYPES_CONTROL_2021
PTGDR	-5.568530118803288	2.5689722766182446e-08	-0.227671	0.0951365	0.0167066	-0.187093	0.139804	0.180814	-0.334091424413776	0.181850165380666	0.0661833778255633	81.0	15.0	38.0	CMCWald	ALL_MISSENSE_SNPEFF	0.01	2	meta_GNE_AMP_NIH_noRelateds_UKB_EXOM_ALL_PD_PHENOTYPES_CONTROL_2021
DCDC2C	5.547055366846208	2.90520766245318e-08	0.151741	0.150634	0.313769	0.664881	0.161357	3.77936e-05	0.114318598422	0.272740628963524	0.675108215684952	59.0	10.0	18.0	CMCWald	ALL_MISSENSE_SNPEFF	0.01	2	meta_GNE_AMP_NIH_noRelateds_UKB_EXOM_ALL_PD_PHENOTYPES_CONTROL_2021
 
COHORT: GNE_AMP_NIH_UKB_ALL_PD_PHENO_META; VARIANT GROUP: ALL_LOF_HC_LOFTEE; MAF: 0.001; NUMVAR >= 2
GENE	TEST_STAT_SUMMEDZ	META_PVAL	UKB_ALL_CASES_BETA	UKB_ALL_CASES_SE	UKB_ALL_CASES_PVAL	AMP_NIH_BETA	AMP_NIH_SE	AMP_NIH_PVAL	GNE_BETA	GNE_SE	GNE_PVAL	UKB_ALL_CASES_NUMVAR	AMP_NIH_NUMVAR	GNE_NUMVAR	TEST	VARIANT_GROUP	MAF	MIN_NUMVAR	META_ANALYSIS_GROUP
B3GNT3	5.832494373896611	5.46048466600301e-09	2.68973	1.15607	0.019986	NA	NA	NA	3.74312143465989	1.06766982470067	0.0004551017125469	3.0	NA	3.0	CMCWald	ALL_LOF_HC_LOFTEE	0.001	2	meta_GNE_AMP_NIH_noRelateds_UKB_EXOM_ALL_PD_PHENOTYPES_CONTROL_2021
TRAPPC3L	5.80117921453606	6.585017397433517e-09	0.897772	0.408838	0.0280984	0.48783	0.927199	0.598795	1.93465590208608	0.628311518023376	0.0020760267795094	12.0	3.0	4.0	CMCWald	ALL_LOF_HC_LOFTEE	0.001	2	meta_GNE_AMP_NIH_noRelateds_UKB_EXOM_ALL_PD_PHENOTYPES_CONTROL_2021
RHOT1	5.012074252856626	5.384641656246123e-07	1.3322	0.403416	0.000958919	NA	NA	NA	2.62387757959348	1.53463246781295	0.0873073246960329	7.0	NA	3.0	CMCWald	ALL_LOF_HC_LOFTEE	0.001	2	meta_GNE_AMP_NIH_noRelateds_UKB_EXOM_ALL_PD_PHENOTYPES_CONTROL_2021
ENTPD8	-4.690111370446502	2.73056385481314e-06	-0.757276	0.740303	0.306342	-1.58509	0.817629	0.052545	-1.16387329058535	0.673326522403539	0.0838910667717844	10.0	2.0	2.0	CMCWald	ALL_LOF_HC_LOFTEE	0.001	2	meta_GNE_AMP_NIH_noRelateds_UKB_EXOM_ALL_PD_PHENOTYPES_CONTROL_2021
RECQL4	-4.5085829476588675	6.526205365701393e-06	-0.431899	0.28489	0.129515	-0.960585	0.829057	0.2466	-0.958903366453814	0.522872303138372	0.0666666107120231	33.0	3.0	20.0	CMCWald	ALL_LOF_HC_LOFTEE	0.001	2	meta_GNE_AMP_NIH_noRelateds_UKB_EXOM_ALL_PD_PHENOTYPES_CONTROL_2021
FLYWCH1	4.323573396265761	1.5352203040051235e-05	0.93627	0.372884	0.0120429	NA	NA	NA	0.673856807453204	0.371745062728614	0.0698803743089678	17.0	NA	14.0	CMCWald	ALL_LOF_HC_LOFTEE	0.001	2	meta_GNE_AMP_NIH_noRelateds_UKB_EXOM_ALL_PD_PHENOTYPES_CONTROL_2021
ADGRF3	4.1019254303946315	4.0972633021862366e-05	0.537621	0.310984	0.0838493	0.147365	0.849577	0.862293	1.05560532044654	0.479887196713048	0.0278285634974999	18.0	2.0	11.0	CMCWald	ALL_LOF_HC_LOFTEE	0.001	2	meta_GNE_AMP_NIH_noRelateds_UKB_EXOM_ALL_PD_PHENOTYPES_CONTROL_2021
LNPK	4.092152232493413	4.273879158926807e-05	1.03009	0.475951	0.0304437	NA	NA	NA	2.3228565716243	1.20487935766465	0.0538706987442293	10.0	NA	3.0	CMCWald	ALL_LOF_HC_LOFTEE	0.001	2	meta_GNE_AMP_NIH_noRelateds_UKB_EXOM_ALL_PD_PHENOTYPES_CONTROL_2021
MUC16	-4.042726614048682	5.28332092430793e-05	-0.620858	0.30464	0.0415497	-0.247602	0.664291	0.709349	-0.400447685078324	0.245373878872538	0.102681619867172	43.0	2.0	82.0	CMCWald	ALL_LOF_HC_LOFTEE	0.001	2	meta_GNE_AMP_NIH_noRelateds_UKB_EXOM_ALL_PD_PHENOTYPES_CONTROL_2021
CC2D2B	4.033465648215079	5.496021828237918e-05	0.440874	0.230293	0.0555689	1.12678	0.827913	0.173516	0.164308771700981	0.21674544663111	0.448407556432294	29.0	2.0	12.0	CMCWald	ALL_LOF_HC_LOFTEE	0.001	2	meta_GNE_AMP_NIH_noRelateds_UKB_EXOM_ALL_PD_PHENOTYPES_CONTROL_2021
KCNA3	4.010580998020389	6.05695166885065e-05	1.94498	0.91334	0.0332104	NA	NA	NA	1.97303286395872	1.04889617777735	0.0599642476389752	5.0	NA	3.0	CMCWald	ALL_LOF_HC_LOFTEE	0.001	2	meta_GNE_AMP_NIH_noRelateds_UKB_EXOM_ALL_PD_PHENOTYPES_CONTROL_2021
WDR3	-3.9593032655117835	7.516873630887013e-05	-0.396642	0.436128	0.363105	-0.893407	0.75322	0.235576	-1.26057597937487	0.676374828618665	0.0623604777629362	15.0	2.0	11.0	CMCWald	ALL_LOF_HC_LOFTEE	0.001	2	meta_GNE_AMP_NIH_noRelateds_UKB_EXOM_ALL_PD_PHENOTYPES_CONTROL_2021
POMGNT1	3.89840299328596	9.68291760782815e-05	0.521393	0.290666	0.0728475	0.416404	0.618519	0.500803	0.921685236776475	0.643910077495527	0.152319010615942	21.0	3.0	4.0	CMCWald	ALL_LOF_HC_LOFTEE	0.001	2	meta_GNE_AMP_NIH_noRelateds_UKB_EXOM_ALL_PD_PHENOTYPES_CONTROL_2021
MYL1	3.8705293635549403	0.00010859927457748871	2.25848	0.866607	0.00915758	NA	NA	NA	0.909579222527767	0.719369632688848	0.206082374237051	2.0	NA	3.0	CMCWald	ALL_LOF_HC_LOFTEE	0.001	2	meta_GNE_AMP_NIH_noRelateds_UKB_EXOM_ALL_PD_PHENOTYPES_CONTROL_2021
ECD	3.853803066130741	0.00011629715009031136	1.02706	0.443759	0.020643	NA	NA	NA	0.882518342440177	0.573306360345668	0.123719215446128	4.0	NA	7.0	CMCWald	ALL_LOF_HC_LOFTEE	0.001	2	meta_GNE_AMP_NIH_noRelateds_UKB_EXOM_ALL_PD_PHENOTYPES_CONTROL_2021
RAD51B	3.8424554642186526	0.00012180952211714314	0.929889	0.391175	0.0174462	NA	NA	NA	0.868260027410425	0.59255300721949	0.142842719656024	10.0	NA	11.0	CMCWald	ALL_LOF_HC_LOFTEE	0.001	2	meta_GNE_AMP_NIH_noRelateds_UKB_EXOM_ALL_PD_PHENOTYPES_CONTROL_2021
ING1	3.8352735177975004	0.00012542463685537587	1.09031	0.570416	0.0559503	NA	NA	NA	1.30060170852165	0.676043240737701	0.0543741447748026	11.0	NA	7.0	CMCWald	ALL_LOF_HC_LOFTEE	0.001	2	meta_GNE_AMP_NIH_noRelateds_UKB_EXOM_ALL_PD_PHENOTYPES_CONTROL_2021
THEG	3.8328697572806965	0.00012665701894764593	0.685018	0.418807	0.101915	0.752893	0.643883	0.242283	0.530967902918585	0.51654213385541	0.303983897397899	11.0	3.0	11.0	CMCWald	ALL_LOF_HC_LOFTEE	0.001	2	meta_GNE_AMP_NIH_noRelateds_UKB_EXOM_ALL_PD_PHENOTYPES_CONTROL_2021
ANKRD35	3.8061720081096437	0.00014113424534997944	NA	NA	NA	0.622617	0.525273	0.23589	0.787903283802311	0.300628770593821	0.0087710527736246	NA	3.0	11.0	CMCWald	ALL_LOF_HC_LOFTEE	0.001	2	meta_GNE_AMP_NIH_noRelateds_UKB_EXOM_ALL_PD_PHENOTYPES_CONTROL_2021
BCAS4	3.8040463148902344	0.00014235154690475112	0.460677	0.271991	0.0903185	0.956681	0.791909	0.227021	0.680289742612597	0.753987939410745	0.366921174565869	6.0	3.0	3.0	CMCWald	ALL_LOF_HC_LOFTEE	0.001	2	meta_GNE_AMP_NIH_noRelateds_UKB_EXOM_ALL_PD_PHENOTYPES_CONTROL_2021
CTSA	3.7816527188119125	0.0001557906002076532	1.26521	0.465273	0.0065425	NA	NA	NA	1.22901686905999	1.15686604674506	0.288068890152331	14.0	NA	3.0	CMCWald	ALL_LOF_HC_LOFTEE	0.001	2	meta_GNE_AMP_NIH_noRelateds_UKB_EXOM_ALL_PD_PHENOTYPES_CONTROL_2021
ANGEL2	3.756058240789356	0.0001726105405782123	0.319793	0.274679	0.244325	NA	NA	NA	1.38373707704974	0.533887159501172	0.0095470924663894	10.0	NA	2.0	CMCWald	ALL_LOF_HC_LOFTEE	0.001	2	meta_GNE_AMP_NIH_noRelateds_UKB_EXOM_ALL_PD_PHENOTYPES_CONTROL_2021
PLEKHG1	3.754511371705835	0.00017367996030138986	0.878446	0.707745	0.214535	NA	NA	NA	2.37592732725399	0.94533366560107	0.0119600320891666	8.0	NA	6.0	CMCWald	ALL_LOF_HC_LOFTEE	0.001	2	meta_GNE_AMP_NIH_noRelateds_UKB_EXOM_ALL_PD_PHENOTYPES_CONTROL_2021
USP4	3.702719227002576	0.00021330090430069854	0.283839	0.252845	0.261617	0.17638	0.66045	0.789422	1.05260820156118	0.455068209809692	0.0207183586618177	18.0	3.0	11.0	CMCWald	ALL_LOF_HC_LOFTEE	0.001	2	meta_GNE_AMP_NIH_noRelateds_UKB_EXOM_ALL_PD_PHENOTYPES_CONTROL_2021
 
COHORT: GNE_AMP_NIH_UKB_ALL_PD_PHENO_META; VARIANT GROUP: ALL_LOF_HC_LOFTEE; MAF: 0.01; NUMVAR >= 2
GENE	TEST_STAT_SUMMEDZ	META_PVAL	UKB_ALL_CASES_BETA	UKB_ALL_CASES_SE	UKB_ALL_CASES_PVAL	AMP_NIH_BETA	AMP_NIH_SE	AMP_NIH_PVAL	GNE_BETA	GNE_SE	GNE_PVAL	UKB_ALL_CASES_NUMVAR	AMP_NIH_NUMVAR	GNE_NUMVAR	TEST	VARIANT_GROUP	MAF	MIN_NUMVAR	META_ANALYSIS_GROUP
B3GNT3	5.832494373896611	5.46048466600301e-09	2.68973	1.15607	0.019986	NA	NA	NA	3.74312143465989	1.06766982470067	0.0004551017125469	3.0	NA	3.0	CMCWald	ALL_LOF_HC_LOFTEE	0.01	2	meta_GNE_AMP_NIH_noRelateds_UKB_EXOM_ALL_PD_PHENOTYPES_CONTROL_2021
TRAPPC3L	5.80117921453606	6.585017397433517e-09	0.897772	0.408838	0.0280984	0.48783	0.927199	0.598795	1.93465590208608	0.628311518023376	0.0020760267795094	12.0	3.0	4.0	CMCWald	ALL_LOF_HC_LOFTEE	0.01	2	meta_GNE_AMP_NIH_noRelateds_UKB_EXOM_ALL_PD_PHENOTYPES_CONTROL_2021
PHKB	-5.198583918198318	2.0081246271048485e-07	-0.323878	0.210575	0.124033	-0.902617	0.435521	0.038219	-0.552281175440779	0.347779796438713	0.112281879679084	35.0	5.0	14.0	CMCWald	ALL_LOF_HC_LOFTEE	0.01	2	meta_GNE_AMP_NIH_noRelateds_UKB_EXOM_ALL_PD_PHENOTYPES_CONTROL_2021
RHOT1	5.012074252856626	5.384641656246123e-07	1.3322	0.403416	0.000958919	NA	NA	NA	2.62387757959348	1.53463246781295	0.0873073246960329	7.0	NA	3.0	CMCWald	ALL_LOF_HC_LOFTEE	0.01	2	meta_GNE_AMP_NIH_noRelateds_UKB_EXOM_ALL_PD_PHENOTYPES_CONTROL_2021
DARS2	-4.709187233138477	2.487065321648398e-06	-1.44981	0.724348	0.0453341	-0.787099	0.607528	0.195122	-1.22086061716666	0.864587589790735	0.157928527237509	21.0	2.0	8.0	CMCWald	ALL_LOF_HC_LOFTEE	0.01	2	meta_GNE_AMP_NIH_noRelateds_UKB_EXOM_ALL_PD_PHENOTYPES_CONTROL_2021
SOAT2	4.6936814506751645	2.6833176433622946e-06	0.342033	0.142527	0.0164051	NA	NA	NA	0.709482890173676	0.309290499961594	0.0217959810802337	15.0	NA	8.0	CMCWald	ALL_LOF_HC_LOFTEE	0.01	2	meta_GNE_AMP_NIH_noRelateds_UKB_EXOM_ALL_PD_PHENOTYPES_CONTROL_2021
RECQL4	-4.5085829476588675	6.526205365701393e-06	-0.431899	0.28489	0.129515	-0.960585	0.829057	0.2466	-0.958903366453814	0.522872303138372	0.0666666107120231	33.0	3.0	20.0	CMCWald	ALL_LOF_HC_LOFTEE	0.01	2	meta_GNE_AMP_NIH_noRelateds_UKB_EXOM_ALL_PD_PHENOTYPES_CONTROL_2021
FLYWCH1	4.323573396265761	1.5352203040051235e-05	0.93627	0.372884	0.0120429	NA	NA	NA	0.673856807453204	0.371745062728614	0.0698803743089678	17.0	NA	14.0	CMCWald	ALL_LOF_HC_LOFTEE	0.01	2	meta_GNE_AMP_NIH_noRelateds_UKB_EXOM_ALL_PD_PHENOTYPES_CONTROL_2021
ENTPD8	-4.321333233287403	1.5508924516591577e-05	-0.142246	0.217452	0.513017	-1.58509	0.817629	0.052545	-1.16387329058535	0.673326522403539	0.0838910667717844	11.0	2.0	2.0	CMCWald	ALL_LOF_HC_LOFTEE	0.01	2	meta_GNE_AMP_NIH_noRelateds_UKB_EXOM_ALL_PD_PHENOTYPES_CONTROL_2021
LNPK	4.092152232493413	4.273879158926807e-05	1.03009	0.475951	0.0304437	NA	NA	NA	2.3228565716243	1.20487935766465	0.0538706987442293	10.0	NA	3.0	CMCWald	ALL_LOF_HC_LOFTEE	0.01	2	meta_GNE_AMP_NIH_noRelateds_UKB_EXOM_ALL_PD_PHENOTYPES_CONTROL_2021
ADCK2	4.076583210601575	4.570230529157532e-05	0.0786311	0.113586	0.488775	0.339467	0.216071	0.116161	0.350634395110526	0.193375291755426	0.0697959441316925	15.0	2.0	10.0	CMCWald	ALL_LOF_HC_LOFTEE	0.01	2	meta_GNE_AMP_NIH_noRelateds_UKB_EXOM_ALL_PD_PHENOTYPES_CONTROL_2021
MUC16	-4.042726614048682	5.28332092430793e-05	-0.620858	0.30464	0.0415497	-0.247602	0.664291	0.709349	-0.400447685078324	0.245373878872538	0.102681619867172	43.0	2.0	82.0	CMCWald	ALL_LOF_HC_LOFTEE	0.01	2	meta_GNE_AMP_NIH_noRelateds_UKB_EXOM_ALL_PD_PHENOTYPES_CONTROL_2021
CC2D2B	4.033465648215079	5.496021828237918e-05	0.440874	0.230293	0.0555689	1.12678	0.827913	0.173516	0.164308771700981	0.21674544663111	0.448407556432294	29.0	2.0	12.0	CMCWald	ALL_LOF_HC_LOFTEE	0.01	2	meta_GNE_AMP_NIH_noRelateds_UKB_EXOM_ALL_PD_PHENOTYPES_CONTROL_2021
RTEL1-TNFRSF6B	-4.023697340010229	5.729153526502085e-05	-0.46009	0.320778	0.151488	NA	NA	NA	-1.11404195155882	0.430231160596678	0.0096142444242319	23.0	NA	17.0	CMCWald	ALL_LOF_HC_LOFTEE	0.01	2	meta_GNE_AMP_NIH_noRelateds_UKB_EXOM_ALL_PD_PHENOTYPES_CONTROL_2021
BPIFB3	4.0129586120208725	5.9962429912016596e-05	1.38835	0.671587	0.0387086	0.0703184	0.162284	0.664794	0.469197026423587	0.310236189975395	0.13043556649914	6.0	2.0	6.0	CMCWald	ALL_LOF_HC_LOFTEE	0.01	2	meta_GNE_AMP_NIH_noRelateds_UKB_EXOM_ALL_PD_PHENOTYPES_CONTROL_2021
KCNA3	4.010580998020389	6.05695166885065e-05	1.94498	0.91334	0.0332104	NA	NA	NA	1.97303286395872	1.04889617777735	0.0599642476389752	5.0	NA	3.0	CMCWald	ALL_LOF_HC_LOFTEE	0.01	2	meta_GNE_AMP_NIH_noRelateds_UKB_EXOM_ALL_PD_PHENOTYPES_CONTROL_2021
CMYA5	3.967167809652449	7.273178342815592e-05	0.403201	0.19652	0.0401986	NA	NA	NA	0.475197136309135	0.248084718658797	0.0554334644759755	11.0	NA	34.0	CMCWald	ALL_LOF_HC_LOFTEE	0.01	2	meta_GNE_AMP_NIH_noRelateds_UKB_EXOM_ALL_PD_PHENOTYPES_CONTROL_2021
WDR3	-3.9593032655117835	7.516873630887013e-05	-0.396642	0.436128	0.363105	-0.893407	0.75322	0.235576	-1.26057597937487	0.676374828618665	0.0623604777629362	15.0	2.0	11.0	CMCWald	ALL_LOF_HC_LOFTEE	0.01	2	meta_GNE_AMP_NIH_noRelateds_UKB_EXOM_ALL_PD_PHENOTYPES_CONTROL_2021
POMGNT1	3.89840299328596	9.68291760782815e-05	0.521393	0.290666	0.0728475	0.416404	0.618519	0.500803	0.921685236776475	0.643910077495527	0.152319010615942	21.0	3.0	4.0	CMCWald	ALL_LOF_HC_LOFTEE	0.01	2	meta_GNE_AMP_NIH_noRelateds_UKB_EXOM_ALL_PD_PHENOTYPES_CONTROL_2021
ABCB5	3.862177943969148	0.00011238066095432758	0.0997735	0.206295	0.628639	0.464733	0.199699	0.0199567	0.43089499656155	0.409843088090779	0.293090627721931	22.0	7.0	13.0	CMCWald	ALL_LOF_HC_LOFTEE	0.01	2	meta_GNE_AMP_NIH_noRelateds_UKB_EXOM_ALL_PD_PHENOTYPES_CONTROL_2021
ECD	3.853803066130741	0.00011629715009031136	1.02706	0.443759	0.020643	NA	NA	NA	0.882518342440177	0.573306360345668	0.123719215446128	4.0	NA	7.0	CMCWald	ALL_LOF_HC_LOFTEE	0.01	2	meta_GNE_AMP_NIH_noRelateds_UKB_EXOM_ALL_PD_PHENOTYPES_CONTROL_2021
IGFLR1	3.8515873863335823	0.00011735463754369671	1.24067	0.493339	0.0119088	NA	NA	NA	0.404683734978358	0.302738248886021	0.181306001493002	8.0	NA	7.0	CMCWald	ALL_LOF_HC_LOFTEE	0.01	2	meta_GNE_AMP_NIH_noRelateds_UKB_EXOM_ALL_PD_PHENOTYPES_CONTROL_2021
RAD51B	3.8424554642186526	0.00012180952211714314	0.929889	0.391175	0.0174462	NA	NA	NA	0.868260027410425	0.59255300721949	0.142842719656024	10.0	NA	11.0	CMCWald	ALL_LOF_HC_LOFTEE	0.01	2	meta_GNE_AMP_NIH_noRelateds_UKB_EXOM_ALL_PD_PHENOTYPES_CONTROL_2021
ING1	3.8352735177975004	0.00012542463685537587	1.09031	0.570416	0.0559503	NA	NA	NA	1.30060170852165	0.676043240737701	0.0543741447748026	11.0	NA	7.0	CMCWald	ALL_LOF_HC_LOFTEE	0.01	2	meta_GNE_AMP_NIH_noRelateds_UKB_EXOM_ALL_PD_PHENOTYPES_CONTROL_2021
 
COHORT: GNE_AMP_NIH_UKB_ALL_PD_PHENO_META; VARIANT GROUP: ALL_MODERATE_HIGH_IMPACT_SNPEFF; MAF: 0.001; NUMVAR >= 2
GENE	TEST_STAT_SUMMEDZ	META_PVAL	UKB_ALL_CASES_BETA	UKB_ALL_CASES_SE	UKB_ALL_CASES_PVAL	AMP_NIH_BETA	AMP_NIH_SE	AMP_NIH_PVAL	GNE_BETA	GNE_SE	GNE_PVAL	UKB_ALL_CASES_NUMVAR	AMP_NIH_NUMVAR	GNE_NUMVAR	TEST	VARIANT_GROUP	MAF	MIN_NUMVAR	META_ANALYSIS_GROUP
GBA	12.260336470837252	1.478845570191588e-34	0.908954	0.114241	1.77078e-15	0.87011	0.352526	0.013579	0.769647136492188	0.419275225865795	0.0664078248262314	99.0	15.0	19.0	CMCWald	ALL_MODERATE_HIGH_IMPACT_SNPEFF	0.001	2	meta_GNE_AMP_NIH_noRelateds_UKB_EXOM_ALL_PD_PHENOTYPES_CONTROL_2021
CFAP52	-7.3237944207983166	2.4105588133251125e-13	-0.374287	0.159815	0.0191807	-0.852688	0.351345	0.0152275	-0.679282920704885	0.265877931573182	0.010622818696429	103.0	13.0	66.0	CMCWald	ALL_MODERATE_HIGH_IMPACT_SNPEFF	0.001	2	meta_GNE_AMP_NIH_noRelateds_UKB_EXOM_ALL_PD_PHENOTYPES_CONTROL_2021
MET	-7.219312722347571	5.225097195596189e-13	-0.34234	0.11358	0.00257763	-0.531186	0.236899	0.0249452	-0.348147226623997	0.177356568585066	0.0496486096306934	224.0	25.0	109.0	CMCWald	ALL_MODERATE_HIGH_IMPACT_SNPEFF	0.001	2	meta_GNE_AMP_NIH_noRelateds_UKB_EXOM_ALL_PD_PHENOTYPES_CONTROL_2021
RASAL1	6.706266072717486	1.9966751570386875e-11	0.261541	0.0924302	0.00466059	0.294965	0.221892	0.183743	0.448398950436858	0.176026156575716	0.0108546767567477	177.0	23.0	89.0	CMCWald	ALL_MODERATE_HIGH_IMPACT_SNPEFF	0.001	2	meta_GNE_AMP_NIH_noRelateds_UKB_EXOM_ALL_PD_PHENOTYPES_CONTROL_2021
BOLA1	6.517708366133435	7.138961601267481e-11	0.344505	0.215287	0.109551	1.00169	0.587393	0.0881355	1.09138563558828	0.339764698226677	0.0013173145056984	32.0	5.0	15.0	CMCWald	ALL_MODERATE_HIGH_IMPACT_SNPEFF	0.001	2	meta_GNE_AMP_NIH_noRelateds_UKB_EXOM_ALL_PD_PHENOTYPES_CONTROL_2021
ENDOU	-6.408823465341201	1.466468749158484e-10	-0.457218	0.175325	0.00911182	-1.25106	0.462893	0.00687814	-0.319398895783598	0.29081358845583	0.272076016270057	81.0	15.0	42.0	CMCWald	ALL_MODERATE_HIGH_IMPACT_SNPEFF	0.001	2	meta_GNE_AMP_NIH_noRelateds_UKB_EXOM_ALL_PD_PHENOTYPES_CONTROL_2021
LAT	6.370882369738016	1.8794375214523342e-10	0.258709	0.124081	0.0370698	0.256227	0.292201	0.380547	1.04728919798518	0.307213444891926	0.0006520259662626	72.0	14.0	25.0	CMCWald	ALL_MODERATE_HIGH_IMPACT_SNPEFF	0.001	2	meta_GNE_AMP_NIH_noRelateds_UKB_EXOM_ALL_PD_PHENOTYPES_CONTROL_2021
IRX6	6.23091195442666	4.637276910401199e-10	0.356555	0.11117	0.00133983	0.541059	0.353948	0.126354	0.304664486488613	0.203792086620824	0.134920439441739	121.0	13.0	63.0	CMCWald	ALL_MODERATE_HIGH_IMPACT_SNPEFF	0.001	2	meta_GNE_AMP_NIH_noRelateds_UKB_EXOM_ALL_PD_PHENOTYPES_CONTROL_2021
GDF9	5.984378060712958	2.1721824899220808e-09	0.0644429	0.161643	0.690134	0.978568	0.474318	0.0391026	0.794658719313446	0.225588787384234	0.0004273382441273	78.0	8.0	53.0	CMCWald	ALL_MODERATE_HIGH_IMPACT_SNPEFF	0.001	2	meta_GNE_AMP_NIH_noRelateds_UKB_EXOM_ALL_PD_PHENOTYPES_CONTROL_2021
FAM163B	5.946408442520125	2.7408972787625128e-09	0.457614	0.175815	0.00924594	0.875654	0.663983	0.187239	0.779833770623014	0.385140527547296	0.0428875769024872	63.0	4.0	24.0	CMCWald	ALL_MODERATE_HIGH_IMPACT_SNPEFF	0.001	2	meta_GNE_AMP_NIH_noRelateds_UKB_EXOM_ALL_PD_PHENOTYPES_CONTROL_2021
KCTD20	-5.943073435313091	2.7972704198552794e-09	-0.196753	0.169309	0.245199	-1.75895	0.645344	0.00641836	-0.616749041686765	0.300065896288241	0.0398424444410282	73.0	9.0	36.0	CMCWald	ALL_MODERATE_HIGH_IMPACT_SNPEFF	0.001	2	meta_GNE_AMP_NIH_noRelateds_UKB_EXOM_ALL_PD_PHENOTYPES_CONTROL_2021
ADORA1	5.932357150382549	2.986161675878073e-09	0.331983	0.182339	0.0686536	0.336044	0.498973	0.500647	1.13607511914656	0.330427801492552	0.0005856064517807	44.0	6.0	26.0	CMCWald	ALL_MODERATE_HIGH_IMPACT_SNPEFF	0.001	2	meta_GNE_AMP_NIH_noRelateds_UKB_EXOM_ALL_PD_PHENOTYPES_CONTROL_2021
H2BC21	5.781513365093568	7.40315983705792e-09	1.10677	0.353378	0.00173633	1.60718	0.606588	0.00805997	NA	NA	NA	16.0	3.0	NA	CMCWald	ALL_MODERATE_HIGH_IMPACT_SNPEFF	0.001	2	meta_GNE_AMP_NIH_noRelateds_UKB_EXOM_ALL_PD_PHENOTYPES_CONTROL_2021
ALKBH6	5.731461747430967	9.95688055380673e-09	0.217457	0.151639	0.15156	0.919734	0.535683	0.0859909	1.25008792256202	0.484439949149861	0.0098662880839102	53.0	6.0	15.0	CMCWald	ALL_MODERATE_HIGH_IMPACT_SNPEFF	0.001	2	meta_GNE_AMP_NIH_noRelateds_UKB_EXOM_ALL_PD_PHENOTYPES_CONTROL_2021
MRPL42	5.704589374023751	1.1662388974287816e-08	0.668526	0.192469	0.000513853	0.465214	0.543548	0.392062	0.743514344839041	0.540626140875082	0.16904349327989	39.0	7.0	14.0	CMCWald	ALL_MODERATE_HIGH_IMPACT_SNPEFF	0.001	2	meta_GNE_AMP_NIH_noRelateds_UKB_EXOM_ALL_PD_PHENOTYPES_CONTROL_2021
DPYSL4	5.67715183229032	1.3695590330775135e-08	0.151864	0.110952	0.171085	0.854218	0.290256	0.0032507	0.342334313877614	0.250714575026288	0.172116547380197	162.0	19.0	59.0	CMCWald	ALL_MODERATE_HIGH_IMPACT_SNPEFF	0.001	2	meta_GNE_AMP_NIH_noRelateds_UKB_EXOM_ALL_PD_PHENOTYPES_CONTROL_2021
STK38L	5.637416451639033	1.72620307009305e-08	0.218251	0.201798	0.279461	1.22117	1.33842	0.36156	2.40301630443648	0.659537369253677	0.0002689684924	44.0	2.0	12.0	CMCWald	ALL_MODERATE_HIGH_IMPACT_SNPEFF	0.001	2	meta_GNE_AMP_NIH_noRelateds_UKB_EXOM_ALL_PD_PHENOTYPES_CONTROL_2021
NPRL3	5.631925529572966	1.782086372414052e-08	0.0864959	0.100589	0.389848	0.293929	0.252126	0.243694	0.747545942522838	0.207292959777661	0.0003106786473185	171.0	26.0	67.0	CMCWald	ALL_MODERATE_HIGH_IMPACT_SNPEFF	0.001	2	meta_GNE_AMP_NIH_noRelateds_UKB_EXOM_ALL_PD_PHENOTYPES_CONTROL_2021
FAM186B	5.604489443249647	2.088697199022318e-08	0.0126039	0.0991092	0.898805	0.453466	0.209124	0.0301275	0.584628522997871	0.176683096152478	0.0009365982698737	164.0	29.0	95.0	CMCWald	ALL_MODERATE_HIGH_IMPACT_SNPEFF	0.001	2	meta_GNE_AMP_NIH_noRelateds_UKB_EXOM_ALL_PD_PHENOTYPES_CONTROL_2021
RNF114	5.567361241187419	2.586258771211552e-08	0.409236	0.183588	0.025807	-0.177176	0.557318	0.750554	0.759777852904681	0.207807061135968	0.0002560120421331	41.0	6.0	23.0	CMCWald	ALL_MODERATE_HIGH_IMPACT_SNPEFF	0.001	2	meta_GNE_AMP_NIH_noRelateds_UKB_EXOM_ALL_PD_PHENOTYPES_CONTROL_2021
TMEM139	-5.562034488638847	2.666475768539809e-08	-0.587081	0.318476	0.0652694	-0.673056	0.508628	0.185743	-0.44538241514511	0.185936287845707	0.0166045242260591	47.0	5.0	29.0	CMCWald	ALL_MODERATE_HIGH_IMPACT_SNPEFF	0.001	2	meta_GNE_AMP_NIH_noRelateds_UKB_EXOM_ALL_PD_PHENOTYPES_CONTROL_2021
LBX2	5.556468217121233	2.7528781845941904e-08	0.342745	0.107123	0.00137648	0.426203	0.272279	0.117509	0.180364116004144	0.227846189064916	0.428591200801343	66.0	15.0	35.0	CMCWald	ALL_MODERATE_HIGH_IMPACT_SNPEFF	0.001	2	meta_GNE_AMP_NIH_noRelateds_UKB_EXOM_ALL_PD_PHENOTYPES_CONTROL_2021
PEX3	5.546571993716161	2.9132470449923186e-08	0.184781	0.186585	0.322014	1.12681	0.723774	0.119504	1.03709666550656	0.345769526104832	0.0027052333804591	54.0	3.0	29.0	CMCWald	ALL_MODERATE_HIGH_IMPACT_SNPEFF	0.001	2	meta_GNE_AMP_NIH_noRelateds_UKB_EXOM_ALL_PD_PHENOTYPES_CONTROL_2021
ATP8B2	5.538898710925141	3.0437961241825526e-08	0.216879	0.0990393	0.0285368	0.346879	0.25032	0.165826	0.298443343528875	0.152008846187892	0.0496079826424711	184.0	21.0	86.0	CMCWald	ALL_MODERATE_HIGH_IMPACT_SNPEFF	0.001	2	meta_GNE_AMP_NIH_noRelateds_UKB_EXOM_ALL_PD_PHENOTYPES_CONTROL_2021
 
COHORT: GNE_AMP_NIH_UKB_ALL_PD_PHENO_META; VARIANT GROUP: ALL_MODERATE_HIGH_IMPACT_SNPEFF; MAF: 0.01; NUMVAR >= 2
GENE	TEST_STAT_SUMMEDZ	META_PVAL	UKB_ALL_CASES_BETA	UKB_ALL_CASES_SE	UKB_ALL_CASES_PVAL	AMP_NIH_BETA	AMP_NIH_SE	AMP_NIH_PVAL	GNE_BETA	GNE_SE	GNE_PVAL	UKB_ALL_CASES_NUMVAR	AMP_NIH_NUMVAR	GNE_NUMVAR	TEST	VARIANT_GROUP	MAF	MIN_NUMVAR	META_ANALYSIS_GROUP
GBA	17.574578515356254	3.8574631686490656e-69	0.549558	0.0685098	1.04386e-15	0.567902	0.129786	1.21058e-05	0.669509757037131	0.129316351187564	2.25118087878369e-07	101.0	17.0	21.0	CMCWald	ALL_MODERATE_HIGH_IMPACT_SNPEFF	0.01	2	meta_GNE_AMP_NIH_noRelateds_UKB_EXOM_ALL_PD_PHENOTYPES_CONTROL_2021
ZNF184	6.701774309378813	2.059038871140402e-11	0.211309	0.104316	0.0427985	0.396059	0.190758	0.0378721	0.477197258220907	0.183546305963638	0.0093258010635777	94.0	6.0	34.0	CMCWald	ALL_MODERATE_HIGH_IMPACT_SNPEFF	0.01	2	meta_GNE_AMP_NIH_noRelateds_UKB_EXOM_ALL_PD_PHENOTYPES_CONTROL_2021
NUP210	6.258673260822645	3.8826637498223286e-10	0.094584	0.0442354	0.0325008	0.153764	0.090641	0.089809	0.215867383609869	0.0890516461477096	0.0153476659529858	428.0	65.0	212.0	CMCWald	ALL_MODERATE_HIGH_IMPACT_SNPEFF	0.01	2	meta_GNE_AMP_NIH_noRelateds_UKB_EXOM_ALL_PD_PHENOTYPES_CONTROL_2021
IRX6	6.23091195442666	4.637276910401199e-10	0.356555	0.11117	0.00133983	0.541059	0.353948	0.126354	0.304664486488613	0.203792086620824	0.134920439441739	121.0	13.0	63.0	CMCWald	ALL_MODERATE_HIGH_IMPACT_SNPEFF	0.01	2	meta_GNE_AMP_NIH_noRelateds_UKB_EXOM_ALL_PD_PHENOTYPES_CONTROL_2021
RNF114	6.173119407269017	6.695560467505776e-10	0.125694	0.110137	0.253767	0.268103	0.194885	0.168915	0.759777852904681	0.207807061135968	0.0002560120421331	43.0	9.0	23.0	CMCWald	ALL_MODERATE_HIGH_IMPACT_SNPEFF	0.01	2	meta_GNE_AMP_NIH_noRelateds_UKB_EXOM_ALL_PD_PHENOTYPES_CONTROL_2021
CDKL1	5.908061261948835	3.4615730019764767e-09	0.131507	0.10772	0.222152	0.709422	0.234415	0.00247528	0.400930602982358	0.241395319479473	0.0967359314482771	93.0	18.0	43.0	CMCWald	ALL_MODERATE_HIGH_IMPACT_SNPEFF	0.01	2	meta_GNE_AMP_NIH_noRelateds_UKB_EXOM_ALL_PD_PHENOTYPES_CONTROL_2021
OR51I1	5.871201578840734	4.3264782022152505e-09	0.16411	0.0700042	0.0190631	0.116835	0.117772	0.321176	0.419035654868364	0.165308557015387	0.011248915413039	64.0	15.0	39.0	CMCWald	ALL_MODERATE_HIGH_IMPACT_SNPEFF	0.01	2	meta_GNE_AMP_NIH_noRelateds_UKB_EXOM_ALL_PD_PHENOTYPES_CONTROL_2021
PARP9	5.817778843975347	5.9634728811202316e-09	0.145716	0.0733979	0.047112	0.255248	0.155686	0.101108	0.413964749771442	0.18876768293327	0.0283084397543398	146.0	27.0	82.0	CMCWald	ALL_MODERATE_HIGH_IMPACT_SNPEFF	0.01	2	meta_GNE_AMP_NIH_noRelateds_UKB_EXOM_ALL_PD_PHENOTYPES_CONTROL_2021
FASTKD1	-5.788502096924117	7.101686238593987e-09	-0.174178	0.100145	0.0819896	-0.405527	0.229348	0.0770321	-0.305038213300448	0.133725887864277	0.0225442597767701	164.0	18.0	90.0	CMCWald	ALL_MODERATE_HIGH_IMPACT_SNPEFF	0.01	2	meta_GNE_AMP_NIH_noRelateds_UKB_EXOM_ALL_PD_PHENOTYPES_CONTROL_2021
LRRK2	5.781984469138751	7.382452497462375e-09	0.059815	0.0524939	0.254509	0.275456	0.105909	0.00929857	0.198642149233156	0.0972951747741926	0.0411868171620675	436.0	58.0	200.0	CMCWald	ALL_MODERATE_HIGH_IMPACT_SNPEFF	0.01	2	meta_GNE_AMP_NIH_noRelateds_UKB_EXOM_ALL_PD_PHENOTYPES_CONTROL_2021
LSR	5.771044105426803	7.878184909667077e-09	0.137347	0.0675212	0.0419383	0.389609	0.189903	0.0402064	0.199387817072404	0.11831058046768	0.0919323425032511	172.0	26.0	83.0	CMCWald	ALL_MODERATE_HIGH_IMPACT_SNPEFF	0.01	2	meta_GNE_AMP_NIH_noRelateds_UKB_EXOM_ALL_PD_PHENOTYPES_CONTROL_2021
ADORA1	5.748100303477011	9.025169735206915e-09	0.144216	0.121377	0.234768	0.438241	0.297819	0.141156	0.659743667814118	0.213617582461457	0.0020121481610491	45.0	7.0	27.0	CMCWald	ALL_MODERATE_HIGH_IMPACT_SNPEFF	0.01	2	meta_GNE_AMP_NIH_noRelateds_UKB_EXOM_ALL_PD_PHENOTYPES_CONTROL_2021
KBTBD13	-5.746382187582653	9.117310341258003e-09	-0.186484	0.0703107	0.00799485	-0.439713	0.18025	0.0147093	-0.132498228978087	0.202399992886719	0.512702435189976	154.0	16.0	26.0	CMCWald	ALL_MODERATE_HIGH_IMPACT_SNPEFF	0.01	2	meta_GNE_AMP_NIH_noRelateds_UKB_EXOM_ALL_PD_PHENOTYPES_CONTROL_2021
MRPL42	5.704589374023751	1.1662388974287816e-08	0.668526	0.192469	0.000513853	0.465214	0.543548	0.392062	0.743514344839041	0.540626140875082	0.16904349327989	39.0	7.0	14.0	CMCWald	ALL_MODERATE_HIGH_IMPACT_SNPEFF	0.01	2	meta_GNE_AMP_NIH_noRelateds_UKB_EXOM_ALL_PD_PHENOTYPES_CONTROL_2021
TESPA1	5.678071319343165	1.3622192112141433e-08	0.240324	0.0757658	0.00151431	0.201996	0.132179	0.126464	0.161126849024151	0.164761745308085	0.32810475719415	95.0	18.0	52.0	CMCWald	ALL_MODERATE_HIGH_IMPACT_SNPEFF	0.01	2	meta_GNE_AMP_NIH_noRelateds_UKB_EXOM_ALL_PD_PHENOTYPES_CONTROL_2021
PPFIBP2	5.656017914611887	1.5492530383633124e-08	0.171921	0.0643884	0.00758372	0.0678343	0.126006	0.590341	0.338927396665482	0.138472545536282	0.014380546441364	245.0	50.0	115.0	CMCWald	ALL_MODERATE_HIGH_IMPACT_SNPEFF	0.01	2	meta_GNE_AMP_NIH_noRelateds_UKB_EXOM_ALL_PD_PHENOTYPES_CONTROL_2021
PTGDR	-5.64567914142863	1.645304472660949e-08	-0.227435	0.0947827	0.0164155	-0.187093	0.139804	0.180814	-0.346429587044629	0.18157774224614	0.0564059843856792	90.0	15.0	41.0	CMCWald	ALL_MODERATE_HIGH_IMPACT_SNPEFF	0.01	2	meta_GNE_AMP_NIH_noRelateds_UKB_EXOM_ALL_PD_PHENOTYPES_CONTROL_2021
STK38L	5.637416451639033	1.72620307009305e-08	0.218251	0.201798	0.279461	1.22117	1.33842	0.36156	2.40301630443648	0.659537369253677	0.0002689684924	44.0	2.0	12.0	CMCWald	ALL_MODERATE_HIGH_IMPACT_SNPEFF	0.01	2	meta_GNE_AMP_NIH_noRelateds_UKB_EXOM_ALL_PD_PHENOTYPES_CONTROL_2021
GDF9	5.631332989341324	1.7882208767121392e-08	-0.0241377	0.0870218	0.781492	0.33163	0.188746	0.0789138	0.73143958512651	0.176178717193651	3.30027742344439e-05	80.0	10.0	54.0	CMCWald	ALL_MODERATE_HIGH_IMPACT_SNPEFF	0.01	2	meta_GNE_AMP_NIH_noRelateds_UKB_EXOM_ALL_PD_PHENOTYPES_CONTROL_2021
USP25	5.600018624138157	2.143287771714212e-08	0.185888	0.0686303	0.00675804	0.113968	0.162781	0.483847	0.384827832055438	0.175612497449217	0.0284267273076025	168.0	17.0	72.0	CMCWald	ALL_MODERATE_HIGH_IMPACT_SNPEFF	0.01	2	meta_GNE_AMP_NIH_noRelateds_UKB_EXOM_ALL_PD_PHENOTYPES_CONTROL_2021
IPP	-5.595704835551248	2.19727251527328e-08	-0.482839	0.155428	0.00189316	-0.0426465	0.292455	0.884062	-0.634304164996699	0.270680322965599	0.0191104176431278	107.0	12.0	51.0	CMCWald	ALL_MODERATE_HIGH_IMPACT_SNPEFF	0.01	2	meta_GNE_AMP_NIH_noRelateds_UKB_EXOM_ALL_PD_PHENOTYPES_CONTROL_2021
CGN	5.577104517743416	2.4455494682947556e-08	0.0706956	0.0434867	0.104017	0.226005	0.0960056	0.0185687	0.185262681303621	0.11598200791577	0.110189975975502	299.0	51.0	156.0	CMCWald	ALL_MODERATE_HIGH_IMPACT_SNPEFF	0.01	2	meta_GNE_AMP_NIH_noRelateds_UKB_EXOM_ALL_PD_PHENOTYPES_CONTROL_2021
PEBP4	-5.567936982825927	2.5777300858924406e-08	-0.243792	0.091991	0.00804493	-0.395828	0.290004	0.172283	-0.471580994672127	0.303685577240989	0.12045673485986	61.0	5.0	22.0	CMCWald	ALL_MODERATE_HIGH_IMPACT_SNPEFF	0.01	2	meta_GNE_AMP_NIH_noRelateds_UKB_EXOM_ALL_PD_PHENOTYPES_CONTROL_2021
PHF23	5.51614062761853	3.465250114841413e-08	0.240211	0.121722	0.0484452	0.783414	0.277301	0.00472608	0.155173275956723	0.216250783703459	0.473027591568543	72.0	10.0	37.0	CMCWald	ALL_MODERATE_HIGH_IMPACT_SNPEFF	0.01	2	meta_GNE_AMP_NIH_noRelateds_UKB_EXOM_ALL_PD_PHENOTYPES_CONTROL_2021
 
COHORT: GNE_AMP_NIH_UKB_ALL_PD_PHENO_META; VARIANT GROUP: ALL_LOF_HC_LOFTEE_and_CADD_20_VEP; MAF: 0.001; NUMVAR >= 2
GENE	TEST_STAT_SUMMEDZ	META_PVAL	UKB_ALL_CASES_BETA	UKB_ALL_CASES_SE	UKB_ALL_CASES_PVAL	AMP_NIH_BETA	AMP_NIH_SE	AMP_NIH_PVAL	GNE_BETA	GNE_SE	GNE_PVAL	UKB_ALL_CASES_NUMVAR	AMP_NIH_NUMVAR	GNE_NUMVAR	TEST	VARIANT_GROUP	MAF	MIN_NUMVAR	META_ANALYSIS_GROUP
GBA	11.622533144669173	3.166072508322587e-31	1.02295	0.136435	6.49434e-14	1.4764	0.602972	0.0143439	0.736621419849181	0.439436764240767	0.0936823087648858	76.0	8.0	17.0	CMCWald	ALL_LOF_HC_LOFTEE_and_CADD_20_VEP	0.001	2	meta_GNE_AMP_NIH_noRelateds_UKB_EXOM_ALL_PD_PHENOTYPES_CONTROL_2021
MET	-6.845611318638193	7.614997685761514e-12	-0.377712	0.139663	0.00684168	-0.68264	0.281656	0.0153646	-0.395319117454889	0.230172224560319	0.0858891855021408	144.0	18.0	68.0	CMCWald	ALL_LOF_HC_LOFTEE_and_CADD_20_VEP	0.001	2	meta_GNE_AMP_NIH_noRelateds_UKB_EXOM_ALL_PD_PHENOTYPES_CONTROL_2021
SORCS3	-6.716774965522912	1.8579055122666887e-11	-0.247235	0.105918	0.0195842	-0.720921	0.279063	0.00978415	-0.448286343194865	0.249158608995149	0.0719869391006683	188.0	24.0	71.0	CMCWald	ALL_LOF_HC_LOFTEE_and_CADD_20_VEP	0.001	2	meta_GNE_AMP_NIH_noRelateds_UKB_EXOM_ALL_PD_PHENOTYPES_CONTROL_2021
CFAP52	-6.563671816885598	5.2498678828550875e-11	-0.447446	0.194679	0.0215405	-1.31445	0.531338	0.0133666	-0.537127386386744	0.299829221319084	0.0732220056477578	82.0	8.0	51.0	CMCWald	ALL_LOF_HC_LOFTEE_and_CADD_20_VEP	0.001	2	meta_GNE_AMP_NIH_noRelateds_UKB_EXOM_ALL_PD_PHENOTYPES_CONTROL_2021
STK38L	6.130768678931376	8.745548651008487e-10	0.579294	0.276083	0.0358825	NA	NA	NA	3.24090182845821	0.803693762927899	5.51846481277504e-05	38.0	NA	9.0	CMCWald	ALL_LOF_HC_LOFTEE_and_CADD_20_VEP	0.001	2	meta_GNE_AMP_NIH_noRelateds_UKB_EXOM_ALL_PD_PHENOTYPES_CONTROL_2021
NCAPD3	6.022649502655149	1.7158475191913041e-09	0.125595	0.109678	0.252159	0.186255	0.270641	0.491327	0.85039845786202	0.202991751680793	2.79785222179167e-05	209.0	22.0	74.0	CMCWald	ALL_LOF_HC_LOFTEE_and_CADD_20_VEP	0.001	2	meta_GNE_AMP_NIH_noRelateds_UKB_EXOM_ALL_PD_PHENOTYPES_CONTROL_2021
BOLA1	5.911211280742873	3.396010986283875e-09	0.247364	0.225253	0.272133	0.889975	0.603173	0.140081	1.17157331155303	0.351026706700978	0.0008451693777209	29.0	4.0	14.0	CMCWald	ALL_LOF_HC_LOFTEE_and_CADD_20_VEP	0.001	2	meta_GNE_AMP_NIH_noRelateds_UKB_EXOM_ALL_PD_PHENOTYPES_CONTROL_2021
XKR7	-5.8796833970436655	4.110519415916811e-09	-0.29127	0.159005	0.0669764	-1.5264	0.415208	0.000236693	-0.125475210402678	0.337639801717425	0.710172471801354	104.0	13.0	31.0	CMCWald	ALL_LOF_HC_LOFTEE_and_CADD_20_VEP	0.001	2	meta_GNE_AMP_NIH_noRelateds_UKB_EXOM_ALL_PD_PHENOTYPES_CONTROL_2021
TNFRSF17	5.878757047801777	4.133585342944912e-09	0.565513	0.187376	0.00254396	0.218925	0.436367	0.615879	0.994363216335367	0.421520294068358	0.0183246256400527	29.0	4.0	12.0	CMCWald	ALL_LOF_HC_LOFTEE_and_CADD_20_VEP	0.001	2	meta_GNE_AMP_NIH_noRelateds_UKB_EXOM_ALL_PD_PHENOTYPES_CONTROL_2021
ANKRD29	-5.794891552317175	6.836534350440092e-09	-0.365151	0.198864	0.0663308	-1.01467	0.516456	0.0494504	-0.932573957923367	0.467683359166421	0.0461489375085295	62.0	10.0	31.0	CMCWald	ALL_LOF_HC_LOFTEE_and_CADD_20_VEP	0.001	2	meta_GNE_AMP_NIH_noRelateds_UKB_EXOM_ALL_PD_PHENOTYPES_CONTROL_2021
ITIH5	5.760479128209491	8.387550200268673e-09	0.0789574	0.0936789	0.399312	0.548943	0.192315	0.004312	0.394126966209321	0.19102401900935	0.0390905427623405	157.0	25.0	70.0	CMCWald	ALL_LOF_HC_LOFTEE_and_CADD_20_VEP	0.001	2	meta_GNE_AMP_NIH_noRelateds_UKB_EXOM_ALL_PD_PHENOTYPES_CONTROL_2021
RECK	-5.734777987974599	9.764015806215464e-09	-0.249294	0.13426	0.0633388	-0.46593	0.338643	0.16886	-0.844637275847417	0.337570805088855	0.0123457638021058	145.0	17.0	49.0	CMCWald	ALL_LOF_HC_LOFTEE_and_CADD_20_VEP	0.001	2	meta_GNE_AMP_NIH_noRelateds_UKB_EXOM_ALL_PD_PHENOTYPES_CONTROL_2021
LARP7	-5.68624905234271	1.298599754059298e-08	-0.27298	0.148304	0.0656688	-1.30602	0.707695	0.0649717	-0.894784492810677	0.447366651773015	0.0454879096377579	102.0	6.0	29.0	CMCWald	ALL_LOF_HC_LOFTEE_and_CADD_20_VEP	0.001	2	meta_GNE_AMP_NIH_noRelateds_UKB_EXOM_ALL_PD_PHENOTYPES_CONTROL_2021
NTMT1	5.655747826186003	1.551691526163931e-08	0.154085	0.17889	0.389053	1.4659	0.532033	0.00586415	0.906733182608991	0.444667071787198	0.0414372306177388	83.0	9.0	16.0	CMCWald	ALL_LOF_HC_LOFTEE_and_CADD_20_VEP	0.001	2	meta_GNE_AMP_NIH_noRelateds_UKB_EXOM_ALL_PD_PHENOTYPES_CONTROL_2021
RASAL1	5.6538316114886324	1.5690993974501988e-08	0.283023	0.0968189	0.00346429	0.315119	0.241018	0.19106	0.309108660278086	0.217198662340384	0.154689495365651	147.0	19.0	63.0	CMCWald	ALL_LOF_HC_LOFTEE_and_CADD_20_VEP	0.001	2	meta_GNE_AMP_NIH_noRelateds_UKB_EXOM_ALL_PD_PHENOTYPES_CONTROL_2021
IL31RA	5.618496035712511	1.9262681427599354e-08	0.428699	0.161268	0.0078537	0.385513	0.3865	0.318548	0.612876452570931	0.312254272222499	0.0496754611079914	63.0	6.0	25.0	CMCWald	ALL_LOF_HC_LOFTEE_and_CADD_20_VEP	0.001	2	meta_GNE_AMP_NIH_noRelateds_UKB_EXOM_ALL_PD_PHENOTYPES_CONTROL_2021
ENDOU	-5.601640043660816	2.1233313672340498e-08	-0.64332	0.230131	0.00518271	-1.02739	0.524955	0.0503348	-0.307231263029505	0.361836913935944	0.395832509485096	55.0	11.0	27.0	CMCWald	ALL_LOF_HC_LOFTEE_and_CADD_20_VEP	0.001	2	meta_GNE_AMP_NIH_noRelateds_UKB_EXOM_ALL_PD_PHENOTYPES_CONTROL_2021
WDR92	-5.567206924719396	2.5885493707555746e-08	-0.615251	0.264012	0.0197858	-0.887595	0.443565	0.0453871	-0.584484676369911	0.472972699856545	0.216544695775095	53.0	6.0	21.0	CMCWald	ALL_LOF_HC_LOFTEE_and_CADD_20_VEP	0.001	2	meta_GNE_AMP_NIH_noRelateds_UKB_EXOM_ALL_PD_PHENOTYPES_CONTROL_2021
GDF9	5.520625655811335	3.377947308454659e-08	0.261304	0.196375	0.183308	1.24329	0.707211	0.0787451	0.705519576007581	0.290102162896651	0.0150169769445698	40.0	5.0	33.0	CMCWald	ALL_LOF_HC_LOFTEE_and_CADD_20_VEP	0.001	2	meta_GNE_AMP_NIH_noRelateds_UKB_EXOM_ALL_PD_PHENOTYPES_CONTROL_2021
C9orf43	5.51628846064359	3.4623379226775704e-08	0.240216	0.216705	0.267649	2.60964	0.867314	0.00262218	0.572482419153038	0.409231803352259	0.161837073429235	42.0	5.0	17.0	CMCWald	ALL_LOF_HC_LOFTEE_and_CADD_20_VEP	0.001	2	meta_GNE_AMP_NIH_noRelateds_UKB_EXOM_ALL_PD_PHENOTYPES_CONTROL_2021
HNRNPM	5.514759912007985	3.4925640717045023e-08	0.259795	0.115025	0.0239085	0.378445	0.263733	0.1513	0.461432892674368	0.253366261999532	0.0685751072920194	147.0	17.0	37.0	CMCWald	ALL_LOF_HC_LOFTEE_and_CADD_20_VEP	0.001	2	meta_GNE_AMP_NIH_noRelateds_UKB_EXOM_ALL_PD_PHENOTYPES_CONTROL_2021
RPS27A	5.511154348087796	3.5648793438078274e-08	0.127741	0.214332	0.551176	1.61594	0.81159	0.0464723	2.1940215274386	0.750329041934815	0.0034547685893347	21.0	5.0	4.0	CMCWald	ALL_LOF_HC_LOFTEE_and_CADD_20_VEP	0.001	2	meta_GNE_AMP_NIH_noRelateds_UKB_EXOM_ALL_PD_PHENOTYPES_CONTROL_2021
IRS1	5.446004368964076	5.15138716050949e-08	0.205804	0.0922474	0.0256807	0.431998	0.239232	0.0709538	0.304796033580811	0.216284946835716	0.158766079088062	249.0	25.0	96.0	CMCWald	ALL_LOF_HC_LOFTEE_and_CADD_20_VEP	0.001	2	meta_GNE_AMP_NIH_noRelateds_UKB_EXOM_ALL_PD_PHENOTYPES_CONTROL_2021
STAP2	5.427552478561323	5.7132071552708286e-08	0.666634	0.189861	0.000446145	1.08744	0.6204	0.0796348	0.0642856952700301	0.392994458504219	0.870062467907324	62.0	5.0	26.0	CMCWald	ALL_LOF_HC_LOFTEE_and_CADD_20_VEP	0.001	2	meta_GNE_AMP_NIH_noRelateds_UKB_EXOM_ALL_PD_PHENOTYPES_CONTROL_2021
 
COHORT: GNE_AMP_NIH_UKB_ALL_PD_PHENO_META; VARIANT GROUP: ALL_LOF_HC_LOFTEE_and_CADD_20_VEP; MAF: 0.01; NUMVAR >= 2
GENE	TEST_STAT_SUMMEDZ	META_PVAL	UKB_ALL_CASES_BETA	UKB_ALL_CASES_SE	UKB_ALL_CASES_PVAL	AMP_NIH_BETA	AMP_NIH_SE	AMP_NIH_PVAL	GNE_BETA	GNE_SE	GNE_PVAL	UKB_ALL_CASES_NUMVAR	AMP_NIH_NUMVAR	GNE_NUMVAR	TEST	VARIANT_GROUP	MAF	MIN_NUMVAR	META_ANALYSIS_GROUP
GBA	16.777584889445432	3.560236007103272e-63	0.535062	0.0722519	1.30653e-13	0.570242	0.134312	2.17967e-05	0.665562299143836	0.129829707893833	2.95295141531058e-07	78.0	10.0	19.0	CMCWald	ALL_LOF_HC_LOFTEE_and_CADD_20_VEP	0.01	2	meta_GNE_AMP_NIH_noRelateds_UKB_EXOM_ALL_PD_PHENOTYPES_CONTROL_2021
SORCS3	-6.465229145869532	1.0114541977653882e-10	-0.20467	0.0982731	0.0372816	-0.720921	0.279063	0.00978415	-0.448286343194865	0.249158608995149	0.0719869391006683	189.0	24.0	71.0	CMCWald	ALL_LOF_HC_LOFTEE_and_CADD_20_VEP	0.01	2	meta_GNE_AMP_NIH_noRelateds_UKB_EXOM_ALL_PD_PHENOTYPES_CONTROL_2021
HIVEP2	6.322308349203153	2.576845224544084e-10	0.145469	0.0510626	0.00438805	0.146682	0.130324	0.260367	0.289103989835548	0.123130182372788	0.0188768583541468	253.0	25.0	90.0	CMCWald	ALL_LOF_HC_LOFTEE_and_CADD_20_VEP	0.01	2	meta_GNE_AMP_NIH_noRelateds_UKB_EXOM_ALL_PD_PHENOTYPES_CONTROL_2021
TMEM151A	-6.278990301937837	3.4077884588164437e-10	-0.127047	0.099214	0.200355	-0.715254	0.190399	0.000172228	-1.89141055074731	1.5230594801567	0.214292120361903	88.0	11.0	3.0	CMCWald	ALL_LOF_HC_LOFTEE_and_CADD_20_VEP	0.01	2	meta_GNE_AMP_NIH_noRelateds_UKB_EXOM_ALL_PD_PHENOTYPES_CONTROL_2021
MYOM3	-6.142513795776389	8.122562056244199e-10	-0.103054	0.0726329	0.155948	-0.388997	0.143909	0.00687017	-0.270974569058296	0.134105731823825	0.043320781563301	234.0	49.0	130.0	CMCWald	ALL_LOF_HC_LOFTEE_and_CADD_20_VEP	0.01	2	meta_GNE_AMP_NIH_noRelateds_UKB_EXOM_ALL_PD_PHENOTYPES_CONTROL_2021
STK38L	6.130768678931376	8.745548651008487e-10	0.579294	0.276083	0.0358825	NA	NA	NA	3.24090182845821	0.803693762927899	5.51846481277504e-05	38.0	NA	9.0	CMCWald	ALL_LOF_HC_LOFTEE_and_CADD_20_VEP	0.01	2	meta_GNE_AMP_NIH_noRelateds_UKB_EXOM_ALL_PD_PHENOTYPES_CONTROL_2021
DCDC2C	6.1177276451975935	9.4919110749634e-10	0.32147	0.162215	0.0475066	0.653973	0.164432	6.9745e-05	0.0657503239186211	0.414015607337912	0.873817608306816	47.0	9.0	8.0	CMCWald	ALL_LOF_HC_LOFTEE_and_CADD_20_VEP	0.01	2	meta_GNE_AMP_NIH_noRelateds_UKB_EXOM_ALL_PD_PHENOTYPES_CONTROL_2021
CGN	6.07377611263107	1.2493688744555235e-09	0.0932708	0.049911	0.0616586	0.249448	0.0991477	0.0118721	0.216654767742938	0.128265594767221	0.0911982488128765	231.0	36.0	112.0	CMCWald	ALL_LOF_HC_LOFTEE_and_CADD_20_VEP	0.01	2	meta_GNE_AMP_NIH_noRelateds_UKB_EXOM_ALL_PD_PHENOTYPES_CONTROL_2021
MIER2	-6.029984075723636	1.639758357860367e-09	-0.00235015	0.103637	0.981908	-1.06721	0.349501	0.00226177	-0.654981577285064	0.221743337288428	0.0031390521015556	87.0	15.0	38.0	CMCWald	ALL_LOF_HC_LOFTEE_and_CADD_20_VEP	0.01	2	meta_GNE_AMP_NIH_noRelateds_UKB_EXOM_ALL_PD_PHENOTYPES_CONTROL_2021
LRRK2	6.00254145025642	1.942526486248669e-09	0.0254492	0.0564862	0.652323	0.322983	0.112698	0.00415788	0.287407260203841	0.10699848866288	0.0072294240094887	357.0	49.0	118.0	CMCWald	ALL_LOF_HC_LOFTEE_and_CADD_20_VEP	0.01	2	meta_GNE_AMP_NIH_noRelateds_UKB_EXOM_ALL_PD_PHENOTYPES_CONTROL_2021
NAALADL1	5.954759468095272	2.6045460501947237e-09	0.0613746	0.0788803	0.436526	0.33353	0.158157	0.0349575	0.532603518580831	0.173609031848876	0.0021561707136018	133.0	26.0	67.0	CMCWald	ALL_LOF_HC_LOFTEE_and_CADD_20_VEP	0.01	2	meta_GNE_AMP_NIH_noRelateds_UKB_EXOM_ALL_PD_PHENOTYPES_CONTROL_2021
XKR7	-5.8796833970436655	4.110519415916811e-09	-0.29127	0.159005	0.0669764	-1.5264	0.415208	0.000236693	-0.125475210402678	0.337639801717425	0.710172471801354	104.0	13.0	31.0	CMCWald	ALL_LOF_HC_LOFTEE_and_CADD_20_VEP	0.01	2	meta_GNE_AMP_NIH_noRelateds_UKB_EXOM_ALL_PD_PHENOTYPES_CONTROL_2021
TNFRSF17	5.878757047801777	4.133585342944912e-09	0.565513	0.187376	0.00254396	0.218925	0.436367	0.615879	0.994363216335367	0.421520294068358	0.0183246256400527	29.0	4.0	12.0	CMCWald	ALL_LOF_HC_LOFTEE_and_CADD_20_VEP	0.01	2	meta_GNE_AMP_NIH_noRelateds_UKB_EXOM_ALL_PD_PHENOTYPES_CONTROL_2021
ANKRD29	-5.794891552317175	6.836534350440092e-09	-0.365151	0.198864	0.0663308	-1.01467	0.516456	0.0494504	-0.932573957923367	0.467683359166421	0.0461489375085295	62.0	10.0	31.0	CMCWald	ALL_LOF_HC_LOFTEE_and_CADD_20_VEP	0.01	2	meta_GNE_AMP_NIH_noRelateds_UKB_EXOM_ALL_PD_PHENOTYPES_CONTROL_2021
TAP1	5.719682801880188	1.067230996297628e-08	0.155788	0.0780925	0.0460516	0.51023	0.174731	0.00349938	0.130090780764205	0.161668137007446	0.42100556237562	90.0	12.0	29.0	CMCWald	ALL_LOF_HC_LOFTEE_and_CADD_20_VEP	0.01	2	meta_GNE_AMP_NIH_noRelateds_UKB_EXOM_ALL_PD_PHENOTYPES_CONTROL_2021
TMEM209	5.66655589333482	1.4569631941793076e-08	0.136007	0.0773677	0.0787594	0.472813	0.172651	0.00617103	0.241517068731887	0.206411049332139	0.241969501128421	100.0	15.0	43.0	CMCWald	ALL_LOF_HC_LOFTEE_and_CADD_20_VEP	0.01	2	meta_GNE_AMP_NIH_noRelateds_UKB_EXOM_ALL_PD_PHENOTYPES_CONTROL_2021
NTMT1	5.655747826186003	1.551691526163931e-08	0.154085	0.17889	0.389053	1.4659	0.532033	0.00586415	0.906733182608991	0.444667071787198	0.0414372306177388	83.0	9.0	16.0	CMCWald	ALL_LOF_HC_LOFTEE_and_CADD_20_VEP	0.01	2	meta_GNE_AMP_NIH_noRelateds_UKB_EXOM_ALL_PD_PHENOTYPES_CONTROL_2021
IL31RA	5.618496035712511	1.9262681427599354e-08	0.428699	0.161268	0.0078537	0.385513	0.3865	0.318548	0.612876452570931	0.312254272222499	0.0496754611079914	63.0	6.0	25.0	CMCWald	ALL_LOF_HC_LOFTEE_and_CADD_20_VEP	0.01	2	meta_GNE_AMP_NIH_noRelateds_UKB_EXOM_ALL_PD_PHENOTYPES_CONTROL_2021
HNRNPM	5.600011644207659	2.1433740729225198e-08	0.181296	0.0779082	0.0199628	0.350271	0.184266	0.0573162	0.270378441693425	0.197059284221375	0.170042738106947	150.0	19.0	39.0	CMCWald	ALL_LOF_HC_LOFTEE_and_CADD_20_VEP	0.01	2	meta_GNE_AMP_NIH_noRelateds_UKB_EXOM_ALL_PD_PHENOTYPES_CONTROL_2021
WDR92	-5.567206924719396	2.5885493707555746e-08	-0.615251	0.264012	0.0197858	-0.887595	0.443565	0.0453871	-0.584484676369911	0.472972699856545	0.216544695775095	53.0	6.0	21.0	CMCWald	ALL_LOF_HC_LOFTEE_and_CADD_20_VEP	0.01	2	meta_GNE_AMP_NIH_noRelateds_UKB_EXOM_ALL_PD_PHENOTYPES_CONTROL_2021
PHF23	5.546745538112615	2.910358202584583e-08	0.151338	0.170215	0.373951	1.43882	0.426261	0.000736983	0.465840266052162	0.363312477174432	0.199771523381866	68.0	9.0	28.0	CMCWald	ALL_LOF_HC_LOFTEE_and_CADD_20_VEP	0.01	2	meta_GNE_AMP_NIH_noRelateds_UKB_EXOM_ALL_PD_PHENOTYPES_CONTROL_2021
KIF21A	5.534456824399986	3.121943196835684e-08	0.14493	0.0614961	0.0184366	0.280183	0.142562	0.0493751	0.180605033550923	0.148967272984201	0.225366719081242	228.0	21.0	82.0	CMCWald	ALL_LOF_HC_LOFTEE_and_CADD_20_VEP	0.01	2	meta_GNE_AMP_NIH_noRelateds_UKB_EXOM_ALL_PD_PHENOTYPES_CONTROL_2021
C9orf43	5.51628846064359	3.4623379226775704e-08	0.240216	0.216705	0.267649	2.60964	0.867314	0.00262218	0.572482419153038	0.409231803352259	0.161837073429235	42.0	5.0	17.0	CMCWald	ALL_LOF_HC_LOFTEE_and_CADD_20_VEP	0.01	2	meta_GNE_AMP_NIH_noRelateds_UKB_EXOM_ALL_PD_PHENOTYPES_CONTROL_2021
IPP	-5.4764124557253275	4.340353503889959e-08	-0.440282	0.155798	0.00471363	-0.12705	0.309252	0.681198	-0.66889815753109	0.298668228020101	0.0251167299651378	96.0	10.0	42.0	CMCWald	ALL_LOF_HC_LOFTEE_and_CADD_20_VEP	0.01	2	meta_GNE_AMP_NIH_noRelateds_UKB_EXOM_ALL_PD_PHENOTYPES_CONTROL_2021
 
